0
0
0
0
4
9
10
17
19
24
25
26
27
31
31
33
34
32
34
37
36
41
47
50
54
53
58
61
66
69
74
74
78
75
74
74
75
74
76
79
84
83
85
81
82
80
81
86
84
80
79
80
79
84
81
84
85
81
78
80
80
79
79
77
78
77
80
80
80
85
84
84
82
79
82
84
90
91
95
90
88
83
87
88
87
93
96
94
95
93
95
94
92
91
88
82
79
78
78
77
81
78
77
79
74
76
76
76
71
70
69
70
74
78
80
78
72
74
69
72
75
77
83
84
83
83
76
81
80
83
82
84
84
86
89
92
93
92
91
85
89
90
89
87
92
96
96
94
92
91
85
82
79
76
79
79
80
84
85
82
79
84
85
83
88
89
86
82
77
77
84
90
87
88
89
90
96
93
91
89
94
97
100
102
99
101
99
98
98
92
94
94
97
97
101
104
100
98
99
100
99
96
95
99
101
98
97
95
94
97
97
100
102
104
109
111
112
111
113
111
110
108
106
109
110
113
111
106
110
115
117
117
118
119
119
117
115
116
117
112
114
114
115
114
114
110
115
114
121
125
127
130
124
125
132
130
129
126
127
126
130
131
131
137
132
134
141
145
144
147
145
147
143
143
139
137
134
136
141
141
146
145
148
151
151
150
147
150
152
152
154
156
160
163
162
163
169
167
166
166
173
178
176
174
174
174
173
173
172
171
177
182
187
187
192
196
201
202
205
201
201
206
200
196
197
197
201
204
201
198
197
200
205
209
207
205
203
207
208
203
200
195
191
193
194
198
196
201
203
205
203
204
205
211
210
213
218
220
224
228
227
224
231
231
228
229
231
234
229
224
221
226
222
228
229
232
233
236
239
232
232
229
228
227
227
223
224
226
226
228
230
227
228
228
231
236
239
237
239
238
236
238
237
238
234
232
229
228
229
233
237
234
233
236
238
236
233
237
242
247
248
250
243
246
251
250
246
248
247
245
241
242
240
247
250
250
255
262
259
262
263
261
261
259
258
258
262
261
256
256
260
256
259
261
263
256
253
250
252
255
254
253
256
252
249
252
254
252
252
255
249
251
247
253
252
258
256
256
251
250
252
252
250
251
252
257
260
267
265
265
262
261
262
259
258
263
265
264
268
270
273
272
272
274
276
277
277
278
280
278
283
282
284
283
281
282
286
287
286
288
282
277
270
270
267
270
268
269
268
272
275
275
271
270
272
269
266
265
265
268
271
272
271
273
269
265
264
259
253
258
259
261
261
262
266
266
268
273
272
272
273
271
271
270
270
266
266
265
270
271
272
274
276
270
274
280
280
285
282
282
284
285
290
291
293
294
297
293
293
293
296
295
295
292
290
289
289
285
286
285
284
281
276
276
279
276
280
279
279
282
289
292
285
284
286
292
296
297
299
294
292
292
290
295
293
295
296
296
290
293
295
299
303
307
312
311
311
312
311
309
315
318
324
321
321
324
318
317
312
309
308
303
307
302
296
296
292
294
292
295
295
298
301
297
291
290
296
301
303
297
295
297
293
288
292
291
290
285
284
283
286
281
288
288
293
286
288
293
297
296
298
302
298
298
298
292
295
297
292
288
291
291
298
302
301
304
303
306
300
294
296
298
298
295
301
299
299
305
307
309
311
310
311
310
308
305
303
303
304
304
304
306
309
310
314
313
316
316
315
313
313
313
312
312
313
311
305
305
304
302
305
302
302
301
303
296
298
300
300
298
298
294
292
295
294
291
286
290
290
288
288
288
283
283
288
282
282
283
280
280
285
287
288
288
286
287
289
288
288
285
284
289
283
281
280
276
283
285
290
290
283
279
280
286
287
288
288
287
283
281
278
281
283
287
288
286
286
290
292
288
290
291
294
294
299
298
295
289
292
288
285
288
285
284
284
282
285
284
280
277
281
279
276
276
271
272
273
277
277
277
278
284
284
288
286
292
291
288
290
289
291
294
295
288
286
282
283
284
280
277
279
278
279
277
276
276
278
280
285
282
280
278
279
277
275
274
269
267
269
271
268
264
267
269
267
262
261
257
259
260
259
260
254
258
262
256
255
254
254
253
251
257
257
259
260
262
260
262
262
261
263
258
260
265
264
259
258
257
260
261
259
260
263
260
255
255
251
252
253
256
263
259
256
257
260
260
262
259
257
257
258
262
266
265
263
262
265
269
273
269
273
275
279
278
281
286
284
286
286
288
286
288
293
293
291
293
298
299
295
295
301
300
298
294
296
291
291
291
291
290
293
292
292
297
293
299
301
306
309
310
317
314
314
319
323
319
324
325
324
326
323
323
318
317
311
316
318
324
327
330
332
336
332
334
333
328
326
330
331
327
328
325
326
326
330
324
324
329
328
327
330
331
330
329
325
322
321
320
322
329
324
322
316
322
322
322
323
319
324
329
329
331
338
342
342
342
337
333
327
328
328
328
326
329
334
337
339
339
341
344
339
334
332
333
333
335
338
336
334
331
334
331
331
337
337
338
339
344
344
345
346
343
343
344
350
351
348
349
354
358
355
354
359
363
363
365
370
372
371
368
365
364
365
367
364
364
357
354
349
356
349
344
341
343
343
344
343
342
340
340
345
343
339
338
339
342
345
350
350
350
348
350
352
357
360
361
362
367
365
367
369
368
365
368
367
364
362
365
369
370
369
371
370
371
367
371
378
373
373
376
383
378
377
375
370
367
365
368
370
375
375
373
374
369
369
374
374
378
375
380
375
379
375
380
378
381
383
384
380
383
379
384
382
383
383
385
386
389
390
386
385
386
387
381
382
375
373
369
371
368
363
359
362
356
358
358
362
359
360
366
368
366
369
365
360
358
352
353
353
355
358
351
355
361
363
360
363
365
366
368
366
369
366
364
363
361
357
354
354
351
355
358
358
353
351
350
348
354
359
361
361
363
361
361
363
363
364
361
362
359
361
365
366
369
375
378
379
381
387
391
391
390
392
386
387
385
388
392
394
400
402
402
409
409
411
410
407
412
413
414
418
421
418
423
424
419
422
423
425
420
425
426
423
422
423
423
423
429
429
432
435
437
443
440
439
436
437
439
446
450
444
449
450
447
443
442
437
437
432
432
429
430
429
432
431
433
440
441
444
443
439
437
431
427
427
425
425
424
417
415
418
417
424
421
423
421
419
421
419
418
414
419
418
419
420
419
419
419
425
429
424
424
425
424
426
426
426
429
430
429
428
434
431
429
431
428
428
430
431
433
433
435
440
438
436
434
437
442
441
439
444
446
448
446
446
444
445
443
443
438
444
439
441
437
437
439
439
437
430
434
435
435
428
423
418
415
417
419
422
421
414
415
413
414
410
412
411
415
419
425
431
431
433
430
429
426
428
425
424
426
424
430
429
432
438
436
432
431
435
438
440
438
436
435
437
434
429
428
429
427
426
422
420
421
416
417
420
423
420
422
418
417
420
423
419
424
417
420
417
413
410
411
407
408
404
402
400
400
401
397
397
395
399
398
395
395
394
393
395
391
392
398
394
395
399
401
399
398
401
396
395
396
397
400
395
395
401
408
412
414
418
417
418
413
413
417
416
413
412
410
413
414
407
408
410
409
406
402
407
411
412
413
409
410
404
401
399
397
395
393
393
389
390
393
394
397
401
405
403
407
405
398
393
393
393
396
395
395
393
391
390
396
399
401
400
402
408
412
412
415
418
422
423
427
428
426
428
433
432
433
429
429
436
435
429
426
432
430
432
429
426
425
426
425
420
423
421
422
426
425
423
423
420
421
422
423
425
425
428
430
426
430
431
435
436
435
431
427
428
433
437
439
437
431
433
433
432
435
429
433
433
433
436
437
436
441
443
446
448
450
453
450
448
444
444
450
454
450
447
451
458
460
459
455
455
454
458
457
454
451
450
446
444
444
450
451
447
444
445
449
447
445
443
444
450
447
444
443
445
448
447
450
446
449
451
453
455
457
458
457
456
453
451
453
457
457
457
457
456
461
463
463
461
462
468
468
467
465
467
463
461
462
460
467
467
469
466
466
465
470
474
476
474
475
476
472
467
464
467
464
464
465
466
467
468
461
461
458
459
459
459
457
453
455
458
456
460
457
458
453
450
449
449
450
451
448
446
450
453
455
452
453
450
449
447
447
452
457
456
461
468
465
464
463
470
472
471
470
470
472
474
476
471
471
467
467
464
470
475
469
463
461
458
454
453
458
459
463
461
458
457
451
450
449
450
453
453
456
452
451
448
451
454
449
450
452
454
455
457
456
456
462
461
463
461
458
454
455
456
457
452
452
452
452
452
452
457
458
453
448
444
449
449
446
447
443
447
450
452
450
454
459
456
457
456
459
456
453
454
459
463
463
462
460
462
464
468
467
468
470
467
469
471
475
475
473
471
472
466
470
472
471
470
471
468
466
461
460
463
462
464
466
460
460
454
454
457
458
463
462
468
467
466
465
467
469
470
474
473
469
469
467
464
467
471
475
480
481
482
486
483
488
485
489
493
498
497
493
490
486
481
483
480
485
486
485
482
488
487
492
497
494
498
498
499
501
504
502
506
499
497
501
502
504
503
510
508
504
505
504
505
508
507
508
502
508
504
506
507
507
504
498
495
490
484
490
493
495
493
494
493
495
500
501
503
507
513
515
521
523
520
522
520
526
525
527
530
528
530
524
527
529
524
520
518
521
525
523
528
529
529
525
525
526
524
528
526
524
529
529
535
531
528
527
534
539
543
546
543
547
553
549
554
549
548
548
551
550
545
546
546
545
546
546
540
536
537
534
538
538
537
536
536
541
541
541
542
543
539
543
545
545
548
550
551
550
557
564
565
559
558
558
558
561
566
569
572
572
574
571
571
570
568
565
570
572
572
567
565
561
563
557
556
551
558
556
556
558
560
554
557
557
553
551
550
555
549
550
550
549
552
550
548
551
551
552
553
551
556
558
559
553
552
548
548
550
546
541
539
537
534
533
530
529
534
535
537
533
538
541
539
540
543
541
547
543
541
542
548
544
544
545
550
555
552
553
551
551
548
545
546
551
553
552
549
550
549
552
552
555
558
564
564
561
567
570
572
574
572
572
574
573
570
569
575
575
573
573
571
572
574
576
573
571
568
572
579
581
580
578
583
582
575
570
566
569
564
570
571
575
573
575
582
583
582
589
585
585
586
581
581
579
586
582
579
582
582
581
581
581
575
577
573
579
580
580
579
583
585
580
575
568
572
571
568
569
571
566
564
558
561
556
551
551
546
546
546
550
555
553
548
547
540
537
534
541
544
538
535
539
536
537
534
534
536
540
545
547
550
557
558
556
557
555
555
560
560
556
559
553
557
559
560
559
558
557
554
554
558
557
557
556
558
556
557
557
561
562
559
556
555
555
551
556
554
556
558
558
551
554
549
549
546
546
545
545
543
548
549
554
554
554
550
550
548
549
546
545
545
545
548
547
545
544
540
535
541
538
538
538
534
539
539
543
544
541
541
540
538
537
544
545
546
544
543
543
539
537
537
532
532
528
534
528
528
531
526
527
526
528
526
529
528
530
524
519
516
523
520
519
522
524
519
519
519
519
513
517
518
519
519
517
518
520
524
525
525
522
520
523
519
515
514
513
512
513
516
514
513
513
510
512
509
508
506
505
508
508
514
513
510
509
509
507
511
510
509
505
503
502
506
504
506
513
517
518
515
514
516
516
518
516
519
521
522
524
526
528
531
531
531
537
537
537
537
539
537
531
527
525
520
523
520
522
528
528
528
532
534
530
532
537
536
541
540
543
544
549
544
541
539
541
541
542
541
545
541
546
549
550
546
546
544
540
542
540
541
545
551
558
555
551
554
555
557
557
555
555
551
549
553
555
559
560
559
557
553
551
551
544
544
547
548
542
546
546
551
550
551
549
548
548
551
554
555
559
555
555
557
556
560
558
558
558
558
559
561
563
562
561
437
438
435
431
434
433
439
443
446
446
443
450
448
452
446
448
445
451
456
457
450
447
452
451
448
447
452
448
453
454
449
450
448
450
450
447
440
433
430
427
426
428
428
431
433
427
430
427
429
428
426
429
425
428
428
431
435
437
436
433
435
429
425
425
430
428
432
432
429
425
427
422
422
418
418
421
421
418
415
418
422
426
430
434
436
440
439
445
445
445
447
454
448
447
445
445
443
442
442
438
435
433
434
438
434
435
438
439
444
445
440
443
444
440
442
442
442
441
439
440
441
437
441
440
436
442
445
446
446
439
442
446
444
440
437
440
441
439
440
439
441
442
437
435
433
435
440
446
450
450
455
451
447
442
443
447
448
446
443
441
441
435
439
438
438
434
440
435
432
436
443
443
439
437
437
437
438
438
442
442
444
446
450
450
452
453
447
445
446
447
452
454
453
452
452
453
459
461
455
453
452
454
461
462
461
461
457
458
454
455
459
461
460
461
463
468
466
464
468
475
481
482
476
478
483
480
481
478
484
491
488
488
486
487
480
481
488
492
495
493
492
492
496
494
496
492
492
490
487
489
491
488
488
490
489
484
486
486
486
486
486
484
481
485
487
483
481
478
479
478
473
478
477
478
478
483
481
484
490
487
487
491
494
494
494
495
500
502
501
502
503
504
503
501
500
498
499
497
499
500
495
496
500
505
504
505
505
501
500
498
500
501
495
493
495
494
499
498
497
497
498
496
502
506
512
518
513
515
517
520
525
525
527
526
526
520
526
526
529
529
531
531
526
526
531
534
528
526
526
524
529
530
532
532
534
535
541
540
538
537
536
536
537
532
530
534
533
538
539
543
539
540
542
548
547
547
549
551
546
546
547
546
546
544
547
546
547
544
545
549
544
547
543
548
545
540
544
545
545
538
538
537
534
533
537
534
529
526
524
530
528
531
529
529
532
528
526
525
525
525
523
523
522
519
515
518
514
515
518
515
518
515
519
520
517
521
521
520
516
517
511
510
512
519
520
521
521
521
521
527
532
532
536
533
537
540
539
541
539
536
538
532
531
533
536
538
536
538
538
534
538
540
540
533
530
531
532
533
534
538
542
544
546
547
545
544
550
550
549
547
548
547
546
542
546
547
543
546
546
547
545
545
540
533
539
534
531
531
534
528
529
525
527
527
529
525
521
521
521
519
519
520
515
515
519
525
527
524
525
529
533
526
530
530
535
535
532
533
537
536
538
543
547
551
554
550
551
554
555
553
556
559
563
565
566
567
564
567
571
573
571
574
574
570
569
568
567
569
564
563
560
560
558
553
553
557
557
558
563
566
570
571
575
576
580
579
585
588
585
580
581
575
574
575
574
570
566
568
570
572
571
573
571
573
574
577
583
585
585
588
592
598
597
597
591
590
587
589
589
588
593
590
591
591
585
589
586
586
590
593
594
599
602
602
604
600
602
599
594
595
592
589
587
585
589
592
592
592
593
594
595
591
589
586
587
588
590
585
587
588
592
597
597
597
598
603
600
601
604
610
614
612
610
607
606
606
607
605
610
611
607
607
608
612
612
618
618
618
621
618
621
619
621
618
621
624
623
621
618
621
624
626
623
624
623
620
625
628
631
632
633
633
630
635
636
642
638
643
643
644
645
652
651
655
654
654
655
656
656
658
657
658
656
659
660
659
655
651
649
648
650
655
652
650
651
649
651
654
654
650
653
651
655
653
654
651
651
653
656
657
653
650
649
650
649
648
645
643
645
649
648
650
650
646
646
645
641
637
638
645
648
643
643
637
634
634
635
638
637
638
644
637
637
640
639
634
630
629
628
634
632
634
636
636
636
640
642
641
639
637
637
635
642
640
638
644
645
646
645
643
639
643
645
650
648
644
648
649
653
650
649
647
647
650
648
647
641
639
640
645
648
652
657
656
653
650
654
650
652
647
650
650
652
651
648
646
645
646
643
649
654
652
657
654
657
654
656
649
654
650
650
650
651
655
654
652
649
647
645
643
644
645
649
646
640
641
641
639
641
642
644
648
648
648
650
649
645
642
643
642
641
641
642
640
639
643
645
646
642
645
643
639
638
635
630
627
626
625
631
636
636
639
637
642
635
635
629
626
628
623
625
626
623
623
624
623
624
629
636
641
639
638
633
632
633
631
628
631
634
633
632
633
634
634
636
640
644
645
640
639
642
645
650
653
655
662
664
664
665
667
667
669
664
670
669
670
670
669
664
657
654
652
652
656
655
653
651
650
646
652
656
650
652
653
658
658
662
660
658
654
651
647
646
648
645
641
641
640
640
641
638
640
640
636
636
635
634
635
638
638
638
634
630
627
629
635
636
642
642
641
637
643
645
645
651
656
655
662
660
660
662
660
662
662
665
664
668
672
668
669
665
665
667
668
666
661
662
655
656
659
664
668
665
666
665
669
673
669
669
670
667
672
669
667
667
663
662
666
669
667
663
661
655
653
658
655
654
652
653
653
651
649
650
646
648
654
657
656
654
657
656
656
658
659
659
658
660
661
666
667
668
668
668
662
668
667
668
674
680
680
680
684
678
675
676
674
673
676
672
669
668
665
664
661
658
657
656
660
665
668
667
670
671
670
665
664
667
664
662
665
666
664
671
669
666
662
663
663
666
664
664
667
662
661
659
655
648
644
645
647
646
652
659
659
659
663
666
670
668
672
666
673
673
669
670
666
665
665
665
660
660
659
662
663
663
666
669
667
671
668
669
670
667
668
668
667
667
661
656
655
652
651
654
660
665
664
661
659
662
665
668
665
671
667
665
665
663
666
664
668
669
672
670
666
659
660
660
660
657
659
654
653
657
659
659
657
657
660
660
665
664
662
658
662
661
662
656
652
650
652
658
661
663
665
663
662
663
660
664
662
662
661
662
664
663
666
667
666
664
660
665
670
671
665
664
662
659
665
665
667
664
670
671
670
671
674
671
673
676
678
676
671
676
673
670
666
669
669
666
669
669
673
676
679
683
681
684
681
681
682
678
678
676
674
670
674
673
676
679
684
684
678
680
683
683
683
679
674
676
679
673
675
673
672
672
675
672
678
680
686
693
698
697
698
696
696
698
704
708
714
714
714
718
720
721
717
710
711
714
710
711
714
711
707
711
707
708
715
714
710
704
706
706
700
701
706
706
709
707
701
701
699
696
703
703
705
703
703
700
698
695
699
706
700
703
703
706
704
709
713
713
709
713
714
714
713
714
720
719
720
716
717
717
721
714
717
720
718
717
721
722
721
718
718
716
718
717
719
723
719
722
725
725
724
727
731
730
729
726
721
717
716
714
717
719
714
714
711
707
707
710
709
711
710
713
710
716
711
712
707
707
710
707
705
701
699
701
701
699
699
699
699
696
700
703
704
699
699
700
694
699
702
703
699
702
708
704
705
705
704
710
708
709
706
707
709
713
711
704
704
698
699
699
701
704
702
707
713
714
711
708
705
706
709
705
705
706
706
702
699
696
697
699
696
699
703
699
702
703
702
704
708
705
703
700
704
705
709
709
713
711
715
715
712
719
715
714
708
707
706
700
700
703
709
711
708
706
705
712
714
710
709
712
712
712
710
709
709
705
706
705
698
697
699
699
697
693
696
700
698
698
703
709
709
706
702
701
698
697
699
699
699
694
698
703
702
702
703
706
709
707
708
706
702
704
704
701
705
710
703
706
706
704
706
705
702
702
701
698
700
699
693
689
684
686
688
690
686
686
686
688
689
695
696
692
692
694
693
697
691
689
682
683
681
682
680
680
673
678
681
682
683
685
685
687
688
694
700
693
690
696
697
699
704
704
706
709
715
718
713
708
703
704
697
694
692
698
704
704
709
713
719
720
721
723
723
720
726
727
726
729
734
733
727
722
717
719
719
715
718
719
716
711
709
709
707
707
702
705
708
705
709
707
701
701
700
701
705
709
710
715
714
717
719
715
714
715
714
713
714
719
723
730
727
726
726
725
721
725
731
728
724
727
725
728
723
727
726
726
724
726
723
723
728
732
730
728
721
720
720
716
720
720
726
722
722
716
712
712
711
704
703
703
700
699
699
697
695
689
690
686
685
681
682
686
690
686
688
687
686
688
692
692
693
687
689
686
681
681
677
679
685
680
678
676
678
684
687
682
680
679
681
680
686
693
695
696
694
701
699
699
698
701
700
700
699
706
703
701
702
706
708
707
704
711
709
710
708
707
710
712
712
714
717
717
715
716
721
721
718
717
719
718
720
721
721
721
715
717
719
713
709
708
713
708
708
703
703
706
708
705
703
699
702
698
699
694
697
700
700
696
695
696
700
707
713
718
724
722
724
721
722
727
723
725
724
724
721
720
721
716
719
717
715
708
707
704
709
710
712
713
711
712
714
713
714
711
715
709
715
715
713
714
710
708
708
707
707
706
706
707
706
701
703
707
708
708
706
706
710
710
707
706
711
706
702
700
700
698
702
705
704
707
707
710
711
714
718
722
727
727
731
736
731
730
727
727
726
729
731
729
728
726
727
723
724
723
729
731
724
726
725
720
723
724
723
721
721
722
722
726
728
724
725
726
727
728
723
720
720
716
722
718
718
714
715
713
712
714
719
721
721
721
722
724
718
723
726
728
728
729
724
721
718
712
710
715
715
717
718
718
717
718
718
721
723
724
724
726
728
725
725
719
715
716
713
717
715
709
712
714
713
711
711
715
712
712
710
710
715
714
715
715
709
711
714
712
712
712
709
712
709
711
714
718
722
722
722
726
725
720
725
723
719
712
719
717
723
723
729
730
731
738
738
739
742
744
741
738
744
742
737
742
740
746
750
750
747
753
753
758
760
754
758
759
755
755
754
752
746
742
744
742
744
748
751
750
752
750
751
746
746
745
745
748
751
749
747
745
749
756
759
757
761
762
766
771
776
774
770
763
765
759
761
758
762
764
761
762
762
761
761
755
759
760
755
756
755
749
742
749
752
758
759
761
764
764
764
767
764
758
761
761
760
758
757
753
752
750
746
747
747
746
747
746
742
748
747
744
741
744
745
747
747
751
750
747
743
743
741
745
747
751
755
757
757
757
761
757
762
762
766
765
764
763
761
761
759
761
768
766
768
770
771
771
775
772
773
770
766
767
768
762
767
766
764
766
759
760
757
760
759
756
758
761
762
755
756
750
747
749
755
753
754
754
755
754
755
754
754
752
751
750
752
754
755
751
750
747
743
737
738
740
740
739
746
752
752
758
757
757
759
760
755
751
757
757
757
755
753
750
752
748
748
747
746
747
745
747
752
755
754
755
755
749
748
749
749
749
744
745
748
747
751
749
755
756
759
758
756
757
759
759
754
755
761
762
759
760
763
763
763
759
759
756
759
756
756
751
748
746
740
742
739
743
747
752
749
750
752
758
752
753
755
750
750
753
753
748
748
750
757
756
758
761
765
760
765
769
766
767
768
773
774
773
772
772
772
775
770
768
772
769
767
768
762
757
759
758
757
760
760
766
765
760
760
760
762
764
767
767
771
771
774
772
773
772
771
770
772
768
765
765
764
763
757
758
757
755
755
756
754
752
751
752
753
754
752
752
747
747
749
755
757
758
758
759
759
762
762
762
763
764
765
766
773
775
776
775
776
782
780
782
779
784
785
788
793
794
799
800
797
802
798
799
793
792
794
798
799
797
670
667
671
666
665
668
666
663
665
669
670
672
678
681
677
672
673
680
687
689
688
684
679
674
672
669
670
671
669
671
672
673
674
674
674
676
674
668
669
667
663
663
663
663
664
668
672
671
674
676
678
673
675
677
673
675
675
674
673
676
680
677
679
680
679
685
685
682
680
685
688
690
694
691
689
690
686
690
696
693
696
693
688
691
686
683
679
675
678
683
682
683
683
690
694
689
687
689
694
698
699
699
693
696
692
688
683
688
690
693
693
693
692
686
683
678
680
683
684
680
677
676
676
676
679
676
682
681
684
689
691
688
687
686
686
683
679
679
680
679
676
680
683
683
687
689
687
687
689
687
684
689
688
688
688
687
684
682
683
686
688
691
695
692
685
684
684
681
678
678
679
682
682
686
691
688
690
687
682
675
674
676
680
681
679
681
675
673
678
681
681
681
677
681
674
671
676
676
678
681
680
683
685
681
675
676
672
671
673
672
677
682
680
676
675
674
677
677
677
676
674
679
680
682
684
684
691
690
686
687
690
691
687
685
685
682
685
680
677
682
683
689
688
689
691
690
689
687
682
686
687
687
684
687
693
693
693
691
696
696
695
697
703
698
697
696
700
695
691
685
686
692
695
702
699
699
701
705
704
702
703
699
698
697
700
703
703
705
703
706
706
705
701
705
704
703
702
700
693
691
695
693
691
688
685
684
688
689
689
691
691
694
699
696
695
695
699
698
700
701
700
702
701
698
701
702
706
706
705
709
711
715
713
714
712
717
719
719
719
723
727
724
722
722
721
721
717
715
713
713
716
715
718
720
718
718
716
712
709
711
711
714
716
715
713
717
721
719
723
721
714
708
709
706
707
704
711
711
717
715
710
710
713
715
711
711
713
719
721
718
717
715
714
711
709
709
710
709
705
701
704
706
704
705
700
702
703
701
699
695
694
692
688
687
688
687
683
681
679
684
683
685
688
682
683
684
685
682
680
684
684
685
686
683
681
682
680
674
670
667
666
667
664
666
669
665
669
670
676
674
669
666
663
663
660
658
661
660
659
657
658
656
653
654
658
660
665
668
668
664
670
676
679
679
675
679
679
682
686
681
683
682
681
682
687
687
682
682
684
682
681
679
678
681
680
679
682
681
678
674
672
673
673
679
675
674
671
665
664
664
669
666
668
668
662
665
665
660
654
649
650
644
644
651
655
652
656
650
655
659
663
660
657
657
656
655
654
650
647
650
644
642
645
647
650
643
644
638
640
640
641
642
644
640
636
637
638
631
637
637
636
634
632
631
636
636
630
628
630
627
624
628
632
633
630
632
635
630
626
628
630
628
631
624
626
626
624
622
620
616
623
629
626
626
628
624
628
627
628
625
622
622
620
619
623
623
623
626
625
623
621
620
617
619
619
619
619
616
619
614
614
608
605
604
603
596
594
587
594
594
593
598
598
595
600
599
603
600
602
604
602
605
605
606
607
605
603
606
610
611
613
611
606
609
606
607
608
609
607
607
600
596
596
593
598
596
593
593
591
587
585
588
591
586
588
585
586
581
579
583
579
577
577
577
578
583
584
584
590
591
594
596
593
586
588
585
581
582
580
577
575
572
575
577
578
575
574
577
577
575
573
570
569
564
568
566
571
575
577
574
579
576
573
576
574
569
572
575
577
578
580
582
585
587
588
589
589
596
599
599
596
600
599
598
599
599
602
604
600
599
595
598
596
596
599
596
600
603
601
601
597
596
592
585
587
590
593
599
596
595
590
588
588
588
594
599
605
609
610
608
608
614
610
614
610
606
604
604
607
606
609
612
617
621
619
618
615
615
611
610
607
611
607
608
610
611
610
605
598
599
600
599
594
593
590
583
589
591
594
597
593
599
600
603
605
606
599
602
606
610
614
607
609
608
613
615
618
614
620
624
621
617
613
613
616
611
618
615
614
612
605
604
599
596
600
604
600
603
602
606
606
605
608
612
617
614
614
612
616
616
615
616
613
619
622
621
623
622
624
624
625
626
629
628
628
632
632
630
627
625
625
625
620
619
619
617
619
622
617
617
620
622
623
621
619
623
624
628
632
639
641
642
644
645
645
640
641
636
633
634
638
631
624
628
627
628
632
627
625
624
626
630
626
624
619
619
612
605
600
598
592
594
588
593
591
587
583
583
582
579
580
580
579
583
581
577
576
577
577
579
578
574
575
573
571
567
568
565
564
558
554
555
558
559
565
566
566
569
566
566
571
571
571
577
576
579
585
588
585
582
581
584
586
586
589
585
583
582
584
581
583
585
581
584
582
581
574
573
575
569
570
568
563
560
562
555
558
557
553
553
552
554
552
555
555
558
559
557
560
565
566
561
560
563
561
559
561
562
563
567
562
559
560
556
559
554
548
549
549
549
555
560
559
564
563
560
564
563
559
557
563
566
561
562
558
553
552
553
556
549
550
551
546
550
549
551
544
545
542
544
538
542
542
546
545
543
545
542
547
541
546
552
553
557
553
553
550
553
555
553
551
551
555
559
561
560
567
570
570
567
567
567
566
566
567
565
564
563
557
554
553
557
557
562
564
559
559
556
560
560
559
555
553
558
560
565
559
560
557
556
556
557
555
551
551
555
554
560
558
561
563
565
565
568
568
566
564
568
561
561
558
558
565
564
562
563
566
565
567
562
562
559
556
560
559
558
557
561
563
567
571
572
570
566
561
561
555
553
553
555
552
551
554
561
562
565
564
563
563
562
562
566
559
554
555
557
556
559
553
548
552
555
556
553
553
553
558
555
554
552
553
558
554
555
558
563
565
558
559
561
567
568
571
570
574
581
581
576
576
571
568
569
569
569
566
567
573
571
577
576
581
586
586
584
579
575
573
569
572
568
570
576
576
455
460
466
469
469
469
469
468
471
470
471
470
470
474
472
472
474
473
474
470
465
469
473
470
473
471
471
472
471
470
474
473
473
474
478
481
476
473
472
475
472
476
472
473
479
479
477
478
485
485
485
486
485
485
485
482
479
473
476
482
483
487
484
486
490
496
495
496
499
501
502
501
496
496
499
504
506
506
506
504
501
503
500
504
504
509
387
393
391
392
388
395
401
398
399
404
397
396
395
394
393
392
387
386
386
389
391
397
394
394
393
394
395
391
391
392
393
395
388
386
386
388
387
388
387
384
377
373
369
371
368
370
370
369
365
362
364
364
370
369
370
367
369
369
365
366
366
367
366
364
365
366
363
356
356
358
356
356
351
356
359
360
360
366
370
369
369
366
366
368
368
366
368
372
370
371
368
361
363
366
367
367
366
367
364
360
361
364
362
362
362
363
360
359
358
359
358
357
359
357
361
364
364
361
368
368
371
375
374
373
371
372
369
370
371
370
371
369
367
364
357
358
360
365
366
366
371
377
382
384
382
379
378
377
381
384
385
384
386
391
391
390
387
382
388
386
387
390
388
386
383
382
388
383
383
383
385
384
382
379
373
370
364
365
368
364
364
357
357
356
361
360
361
368
372
374
380
381
376
376
373
375
369
370
370
374
378
378
382
376
370
374
381
387
391
391
391
390
395
391
394
396
397
394
396
401
404
402
395
399
392
391
392
393
391
393
397
393
390
390
391
391
391
395
393
394
391
386
388
388
387
388
394
397
403
399
398
395
394
388
392
393
396
390
392
386
387
389
393
396
397
400
398
395
401
402
407
406
409
416
412
410
404
402
402
403
403
401
403
406
406
403
407
400
401
396
393
398
400
402
406
407
405
410
410
408
408
406
403
404
406
407
409
404
406
408
410
412
406
407
402
403
402
400
399
395
390
395
399
405
406
403
401
396
395
397
398
400
397
396
394
394
393
399
393
389
384
385
383
388
392
397
399
401
401
396
396
394
394
394
397
399
404
408
406
406
409
412
413
410
410
407
410
411
416
409
411
410
410
411
411
415
417
422
418
419
425
422
428
434
430
429
429
432
433
436
436
432
435
440
438
445
448
448
445
444
445
448
447
446
447
444
439
437
435
437
434
431
425
425
422
420
420
419
424
425
427
429
425
421
418
418
421
422
419
416
417
418
421
419
419
423
422
423
426
430
430
427
432
430
431
427
433
434
436
438
440
433
438
441
441
446
449
452
449
451
454
453
446
444
449
454
455
457
450
451
445
440
436
437
437
438
435
433
426
420
422
421
426
429
429
427
432
428
428
432
433
430
428
430
426
423
420
414
414
411
415
415
410
413
419
422
422
423
423
419
417
420
416
418
413
410
413
409
409
405
407
405
406
408
404
407
406
411
414
418
418
414
412
417
423
423
422
429
431
429
432
429
428
430
425
427
428
421
422
429
425
429
430
427
426
425
430
431
434
428
429
423
426
428
427
424
419
419
425
423
421
428
426
426
432
434
439
437
441
438
440
438
437
431
432
431
428
434
440
446
451
445
445
441
445
448
449
450
453
453
449
450
452
451
447
453
455
456
459
459
462
461
464
459
457
455
450
452
454
452
452
449
446
451
450
449
449
447
450
445
445
443
446
450
449
456
459
461
464
466
466
465
463
464
463
459
459
459
454
453
450
445
439
434
434
439
445
441
443
441
448
451
452
453
453
454
458
459
453
451
451
453
455
459
465
463
462
463
466
462
462
463
467
471
467
467
465
463
463
467
473
467
466
468
467
468
471
475
470
471
472
477
473
470
468
468
472
475
476
473
469
471
464
469
466
467
467
463
461
463
461
464
458
463
462
461
459
461
460
461
457
457
462
458
457
452
451
452
453
449
455
460
461
460
464
463
464
463
460
461
467
469
473
476
478
477
475
471
468
469
474
475
476
476
481
483
488
487
492
488
489
487
489
493
493
489
492
498
500
501
503
503
502
499
494
496
496
493
494
500
503
504
503
504
498
492
492
491
492
490
491
493
491
495
495
496
492
493
494
489
488
488
491
489
489
487
492
491
493
488
491
489
489
492
492
492
494
492
492
497
495
491
495
490
492
496
498
500
497
499
504
503
500
499
498
493
494
492
493
486
486
481
481
481
482
476
475
480
483
479
474
469
471
473
473
471
466
466
463
468
469
468
468
464
463
460
460
456
460
458
453
454
453
454
457
460
465
467
460
462
460
464
463
467
470
465
465
467
464
457
458
463
457
456
457
462
460
457
456
461
461
463
468
473
474
475
474
474
474
475
469
471
466
473
473
471
469
474
471
465
460
458
460
460
456
460
464
462
465
466
469
467
462
468
465
465
466
465
462
462
465
461
461
457
458
464
460
460
459
462
459
458
456
453
456
457
458
458
457
458
463
466
467
470
468
464
465
469
471
477
484
486
485
481
485
490
496
500
498
500
501
506
502
495
494
490
490
488
490
485
481
479
481
483
485
480
476
474
473
474
477
479
480
480
485
491
496
500
493
494
493
491
490
489
489
483
485
489
489
493
494
489
485
486
485
486
488
488
490
491
490
492
488
489
490
493
495
495
494
494
494
495
497
499
495
492
490
493
488
481
481
485
491
488
492
491
487
480
481
476
475
472
470
470
469
467
469
469
468
470
470
470
474
471
471
472
474
470
466
465
464
464
460
465
463
468
470
469
470
469
469
473
475
472
472
467
469
469
467
474
475
480
485
490
492
494
493
494
498
492
489
487
482
477
476
481
476
482
480
474
473
468
468
472
472
476
481
477
483
483
488
484
486
490
485
485
483
485
486
487
487
487
492
496
496
497
498
500
497
498
498
494
494
491
493
498
496
489
492
490
496
497
497
492
493
494
496
493
494
495
499
493
494
495
497
500
496
493
488
487
485
485
485
485
485
487
485
489
492
493
492
497
496
500
499
502
504
505
511
514
510
506
501
500
503
507
508
507
506
504
507
510
509
510
505
505
505
501
502
503
506
505
509
509
512
507
502
507
509
509
511
515
518
516
520
518
515
514
517
517
518
512
511
506
511
512
511
509
506
511
507
502
505
503
503
509
507
503
502
505
504
504
506
508
506
503
503
508
506
501
497
494
491
496
502
505
499
499
500
497
494
495
502
503
506
505
508
502
500
498
503
505
500
493
492
494
496
495
498
498
495
494
499
500
502
504
506
511
514
509
507
508
511
510
511
507
507
505
507
514
511
515
516
513
511
509
504
502
503
500
499
501
503
505
508
508
505
509
510
508
507
511
511
511
507
507
511
505
505
512
511
507
506
502
507
506
505
502
506
504
497
494
493
499
501
504
506
502
499
500
507
508
511
511
512
514
511
512
515
511
515
516
520
527
527
523
528
529
526
530
530
531
530
530
531
532
533
533
531
536
539
541
539
543
546
547
550
553
551
557
554
559
559
557
557
557
559
552
554
555
554
556
554
554
553
554
560
566
568
566
562
559
553
555
549
552
553
555
549
550
553
552
551
554
554
554
557
557
554
556
559
559
557
561
562
557
553
550
549
553
554
557
560
558
557
557
553
556
552
553
548
542
539
538
541
547
542
540
543
545
545
547
544
548
546
542
543
545
544
546
546
547
551
547
540
540
539
539
540
540
537
538
542
547
540
540
538
538
538
535
540
539
537
537
536
533
534
533
530
526
525
531
532
530
534
535
535
534
536
530
535
534
539
540
535
535
540
541
546
549
548
548
552
548
552
552
546
543
544
543
540
537
538
539
538
542
536
534
530
529
528
526
531
535
539
534
532
536
533
535
541
543
543
539
541
545
543
544
546
548
548
548
547
552
547
542
542
540
544
545
547
546
551
556
556
554
552
550
552
554
552
556
556
558
561
562
562
565
562
562
558
557
557
561
556
557
559
559
557
558
558
558
558
563
563
567
564
565
563
562
561
564
563
558
554
557
558
559
561
565
563
562
567
564
561
565
565
569
573
573
572
573
579
578
576
581
579
583
584
587
587
586
588
590
590
589
590
592
589
590
592
592
587
591
590
592
596
595
594
598
592
590
588
586
586
590
592
597
595
594
591
596
603
602
606
605
609
611
611
617
618
614
614
613
616
615
622
625
624
621
622
623
617
620
614
609
607
604
607
610
610
610
615
617
614
612
611
611
614
612
612
614
616
611
608
610
615
610
609
609
612
611
608
609
602
604
605
603
607
605
606
607
606
611
607
606
605
600
598
592
589
588
586
585
587
591
596
593
589
591
587
593
595
594
593
592
593
591
592
592
585
586
586
587
594
588
587
589
586
584
582
589
595
595
596
597
600
602
604
608
607
613
609
607
607
605
603
602
600
597
593
597
596
594
593
594
594
595
597
597
594
592
593
597
601
603
603
598
601
602
603
608
606
603
606
606
608
608
606
608
612
607
605
604
604
605
608
606
609
607
604
610
611
610
611
613
611
609
606
606
606
605
605
599
599
596
591
592
586
584
583
585
585
585
585
586
587
587
590
588
589
583
584
581
588
587
588
587
587
585
586
587
586
583
583
584
580
581
582
578
578
582
586
585
588
589
594
589
586
586
584
578
574
578
582
576
576
580
585
584
586
580
573
575
574
570
572
569
564
557
554
554
555
556
552
554
555
552
552
556
558
555
549
552
557
553
553
555
558
556
555
553
555
554
554
550
547
547
543
548
543
550
551
545
545
547
548
552
552
551
554
553
551
548
544
538
536
538
540
542
542
543
542
539
540
538
543
549
546
543
543
538
540
542
543
547
547
544
544
542
545
542
539
546
548
545
544
539
534
531
536
529
529
524
522
522
524
522
524
530
525
527
533
528
531
531
536
538
539
540
540
540
539
538
537
535
533
530
532
534
538
541
541
539
539
538
542
538
531
538
540
539
540
539
543
543
540
543
549
544
543
540
544
546
543
546
541
544
547
548
551
550
550
551
551
548
544
547
545
550
545
550
548
551
547
546
547
542
547
544
545
549
546
545
545
545
550
551
546
545
546
552
558
553
557
557
553
547
547
543
547
544
549
545
549
544
549
552
558
555
555
554
550
557
559
557
554
554
555
553
547
543
544
541
539
535
536
535
530
526
525
527
525
525
526
531
528
529
527
533
531
531
538
543
547
546
544
547
546
547
545
547
549
556
549
544
542
545
542
542
538
538
538
540
540
534
530
527
522
526
527
520
524
531
525
531
528
523
527
527
532
534
536
537
535
538
537
543
546
540
538
537
535
534
531
530
530
526
527
527
527
531
529
524
519
521
520
519
517
517
518
511
515
512
515
514
514
516
520
520
520
516
518
519
521
519
526
527
526
526
530
531
529
528
529
531
528
531
528
530
525
519
515
515
518
517
517
512
512
518
518
516
521
519
515
522
524
531
530
534
539
538
533
536
535
534
532
531
529
535
535
530
532
525
525
521
528
528
528
529
529
529
525
526
525
525
526
529
527
527
521
518
511
506
501
499
500
504
504
508
507
500
495
492
492
494
495
494
489
487
494
489
491
490
487
488
482
488
483
483
487
482
482
477
478
481
484
485
486
489
485
479
479
473
474
477
472
475
471
466
464
467
471
473
473
476
471
472
478
471
473
475
475
479
479
474
468
475
479
476
475
478
478
484
481
487
489
492
497
490
497
495
494
492
494
498
494
493
491
493
494
496
497
494
491
485
485
487
490
494
499
496
497
499
505
505
511
510
511
513
513
514
512
512
511
514
513
515
514
521
516
517
519
518
514
514
515
511
510
514
509
506
501
497
502
501
502
506
509
506
511
514
513
517
515
512
508
505
510
511
513
510
512
510
506
507
509
503
500
500
504
504
506
506
501
501
507
510
510
514
520
523
527
525
522
520
521
517
516
521
523
523
528
528
533
535
533
532
530
524
522
516
515
521
520
518
516
514
512
517
516
518
517
514
517
513
513
513
511
516
515
518
514
514
515
516
510
515
516
516
514
511
509
511
511
514
511
508
507
506
503
503
501
503
507
510
508
508
504
500
502
504
507
509
512
509
511
517
511
512
517
515
516
518
517
513
513
515
515
515
515
521
522
518
515
515
509
508
508
510
508
510
514
513
515
516
517
517
522
525
530
533
532
528
532
529
524
528
530
528
529
529
525
528
531
533
527
533
536
535
535
538
544
550
550
554
557
555
555
557
555
552
554
550
550
549
547
551
554
560
556
553
547
545
541
539
538
537
540
540
536
535
531
535
531
528
523
521
520
520
521
517
517
515
513
507
504
508
506
509
503
502
498
497
494
492
493
500
506
505
499
502
501
502
505
502
502
501
498
504
503
503
504
506
506
503
506
508
508
509
508
515
515
511
513
515
519
519
524
523
523
523
523
526
525
529
526
523
523
520
523
528
531
533
532
529
531
533
533
540
540
537
538
535
534
528
527
528
528
530
530
529
530
529
532
535
538
538
541
540
543
546
547
549
552
553
557
553
551
551
553
550
548
552
545
542
539
541
541
539
542
547
552
553
546
540
539
540
537
540
539
543
544
545
548
551
551
557
560
563
567
562
557
556
558
561
559
555
556
554
548
547
545
546
549
547
546
548
548
547
547
548
543
543
543
548
553
555
548
548
550
551
550
550
554
557
553
547
548
549
547
550
546
546
545
545
544
545
549
547
551
549
552
558
554
553
557
556
563
560
557
550
552
554
555
553
555
555
554
554
550
548
555
556
555
554
554
551
548
554
555
560
565
565
566
565
570
576
579
579
577
579
582
583
587
592
594
593
592
591
586
583
581
579
579
578
576
576
580
585
587
594
598
601
603
601
601
597
597
598
598
604
609
605
607
607
608
609
607
606
613
612
617
619
623
619
619
623
626
625
621
617
615
613
617
617
623
619
621
620
619
616
617
619
623
621
626
625
626
622
621
624
629
631
630
631
637
636
636
638
638
639
642
641
644
644
643
642
640
639
635
633
634
632
637
636
639
636
636
633
633
636
634
628
629
630
631
634
636
636
640
645
644
641
634
630
633
633
632
633
639
639
640
642
646
643
645
647
647
651
652
659
663
662
662
659
661
661
664
666
663
666
668
669
671
672
666
671
667
665
662
662
667
667
664
662
664
660
656
655
657
654
652
659
657
655
654
655
657
661
657
654
649
647
649
650
650
655
658
654
656
659
653
653
648
645
643
639
639
640
637
640
639
639
632
638
641
636
635
634
636
634
631
634
641
640
640
639
644
640
639
645
644
644
640
638
641
638
640
642
643
641
646
646
649
647
648
649
649
649
645
642
644
647
641
641
638
637
636
636
631
632
628
628
629
629
627
625
627
629
627
631
630
637
640
643
647
644
638
635
630
629
623
623
622
625
619
615
613
611
613
613
617
618
619
616
616
613
609
602
597
602
609
613
617
618
620
615
619
623
619
622
622
622
622
620
622
622
619
619
613
613
613
612
614
611
608
608
607
613
620
619
624
626
627
626
626
619
614
613
613
613
613
617
613
616
616
619
620
617
617
614
614
615
610
615
614
618
620
625
623
624
625
621
621
621
615
618
619
614
614
613
607
614
620
620
626
629
629
630
627
626
627
628
633
637
637
641
646
640
645
648
643
643
645
648
652
653
657
662
661
665
664
668
665
670
673
677
675
671
669
674
677
679
682
687
691
695
690
689
692
688
692
694
694
693
692
691
693
697
695
692
687
683
678
683
684
683
679
680
678
676
677
678
672
671
675
675
679
685
688
685
681
679
680
683
684
682
686
691
688
687
689
695
696
702
705
704
707
708
715
712
705
703
702
702
695
696
695
702
703
705
707
708
708
714
718
718
724
721
718
718
716
720
720
716
712
709
705
703
696
697
693
695
696
689
683
682
687
690
691
688
687
682
685
681
680
679
677
677
671
671
676
676
676
673
673
674
679
677
676
675
681
681
683
682
687
686
688
687
691
689
683
688
684
681
679
684
683
683
685
690
686
681
682
687
686
691
692
689
690
690
690
688
695
693
696
695
695
696
698
701
697
692
687
684
689
691
690
687
688
684
680
680
678
674
672
678
678
675
677
682
676
682
675
676
672
673
676
676
677
676
675
676
677
678
678
685
687
687
687
693
697
696
694
690
686
685
689
689
689
688
687
689
683
681
679
678
679
682
679
678
674
678
674
674
671
677
682
683
685
684
680
682
680
678
681
677
674
668
664
659
659
662
657
662
662
666
667
667
670
673
676
676
680
681
679
676
675
680
676
670
666
665
663
663
660
658
656
655
654
655
654
654
656
654
653
654
658
659
658
652
651
651
651
654
656
653
652
650
651
652
650
651
647
652
658
655
653
650
652
649
649
644
644
641
639
641
639
637
633
631
628
628
632
630
627
625
624
622
619
619
622
620
617
612
610
607
605
605
608
607
610
610
614
615
616
619
618
613
607
604
598
596
596
598
600
597
596
593
592
590
593
593
593
590
586
588
588
591
590
590
587
588
590
596
601
603
597
596
599
598
602
609
609
610
610
612
610
617
622
621
624
623
622
624
629
634
629
629
633
630
634
632
633
631
628
631
625
624
629
624
619
613
611
612
617
615
612
616
616
619
623
624
623
620
621
615
617
612
609
613
611
610
604
605
599
596
594
598
593
590
596
598
591
587
590
586
589
583
582
583
581
581
588
585
581
584
580
578
577
577
578
574
574
579
575
580
576
571
575
575
571
571
567
562
557
557
554
550
550
546
546
548
548
551
553
553
553
556
558
561
554
552
553
558
561
560
563
561
559
563
563
564
568
567
572
572
571
568
563
564
562
558
560
563
565
562
562
561
564
567
573
571
575
576
575
575
572
570
566
565
567
573
579
580
574
572
571
576
579
584
587
587
586
590
594
593
593
597
601
604
602
599
599
599
598
598
595
602
597
601
598
593
592
595
595
592
591
584
587
588
586
585
584
583
586
584
589
587
586
591
588
590
592
594
596
596
600
598
596
594
598
598
601
601
600
604
597
597
594
595
599
595
596
597
597
595
597
598
596
590
592
593
591
595
592
593
597
593
598
594
591
590
590
590
588
589
590
592
590
588
585
586
588
590
589
588
588
588
585
587
585
584
586
587
585
583
581
583
585
585
579
577
575
576
576
580
579
578
581
578
578
584
579
577
581
578
578
579
576
573
570
569
569
563
564
565
566
571
569
572
574
572
570
570
572
572
572
579
579
576
576
574
576
575
573
570
571
570
573
575
574
573
574
577
572
576
574
577
575
576
573
568
572
575
580
581
581
582
581
583
585
586
581
582
581
581
586
586
585
584
580
577
577
581
586
582
579
579
582
581
581
581
579
575
574
579
578
584
577
580
583
579
586
586
580
580
578
573
568
567
569
568
570
568
571
569
568
565
566
566
570
568
567
567
564
561
558
560
562
569
570
565
572
574
572
572
573
576
577
581
576
579
572
574
574
575
569
566
569
570
572
573
571
567
572
569
571
571
571
570
575
580
580
577
578
582
583
582
577
581
577
577
577
578
582
583
590
590
595
602
601
603
609
613
613
616
618
623
623
620
624
627
626
627
630
631
637
634
631
632
634
638
633
636
638
635
638
643
640
638
639
641
641
644
648
645
649
654
657
660
656
657
656
655
652
651
655
657
655
655
656
658
657
659
660
654
653
656
649
652
652
653
659
656
650
651
655
654
648
645
652
648
652
655
658
663
667
670
674
668
671
676
674
669
668
668
667
665
663
659
657
660
655
658
663
666
660
658
657
654
659
660
660
656
654
653
650
652
657
656
655
655
659
662
667
671
673
669
668
667
668
668
669
674
671
667
674
676
670
673
672
671
673
670
671
672
673
671
670
673
674
672
674
678
680
673
669
666
669
666
668
669
668
667
667
668
670
673
674
681
679
680
680
678
685
682
686
688
682
685
684
683
681
677
676
676
675
675
675
674
671
673
678
678
682
683
687
691
697
693
695
692
697
695
698
705
708
707
700
705
705
703
703
703
703
702
704
697
693
692
691
685
685
685
690
695
692
688
693
693
699
696
700
701
702
704
707
712
716
722
722
718
718
715
721
724
723
722
719
718
724
722
727
730
731
734
731
738
733
732
730
729
722
724
722
725
724
725
720
723
722
720
722
722
717
717
720
717
716
711
712
716
716
719
720
722
722
724
726
731
731
730
732
733
735
737
741
743
739
737
735
738
742
743
740
738
737
735
735
736
729
733
736
740
737
742
737
735
735
735
731
737
734
737
742
742
736
734
729
726
729
735
736
732
733
738
736
741
742
741
741
742
744
737
739
733
729
726
722
721
723
720
721
727
727
723
721
725
726
732
733
738
741
738
739
736
738
734
732
734
738
738
738
731
726
722
727
729
730
731
727
733
733
731
730
725
720
722
722
723
726
725
724
720
727
720
719
721
717
712
711
711
713
713
707
708
709
708
709
707
701
699
699
702
702
706
707
708
707
707
712
714
714
712
718
720
722
722
725
726
728
735
735
737
736
729
723
724
726
725
725
725
725
725
722
722
729
728
733
729
725
725
722
723
726
728
731
736
736
736
738
733
732
735
732
729
727
721
721
724
722
726
733
735
734
733
733
734
734
736
737
735
735
734
734
727
730
728
731
734
731
732
728
729
726
724
727
725
720
713
712
713
709
712
715
718
722
724
726
726
729
733
731
729
729
726
724
723
728
726
727
730
730
728
725
723
720
717
723
728
723
722
717
711
706
706
700
695
693
692
695
695
698
693
695
693
698
703
702
695
699
700
705
704
709
708
709
707
710
706
713
714
713
716
718
720
715
712
707
703
703
703
701
703
699
700
699
700
702
706
709
712
711
710
706
709
710
713
714
714
718
714
713
707
708
711
706
706
703
699
698
696
696
693
690
686
681
681
684
684
681
684
681
682
679
674
673
679
677
682
683
683
683
682
678
682
686
684
683
684
679
676
679
675
678
679
682
685
690
691
691
687
686
683
679
679
681
680
679
681
687
683
680
680
684
688
690
692
691
691
687
687
689
687
685
689
691
684
684
687
686
685
686
689
694
700
698
700
706
704
705
706
703
706
708
711
716
716
710
717
716
718
721
716
716
718
719
720
719
722
726
726
721
725
726
731
734
732
730
732
730
732
738
738
739
742
742
740
738
740
744
742
742
741
741
745
747
748
748
746
749
748
751
753
749
748
748
748
752
751
748
748
745
739
739
739
737
744
743
746
753
751
757
756
760
762
765
770
768
764
759
760
758
759
765
762
762
766
766
771
768
766
764
766
767
766
765
763
757
757
761
763
765
760
758
754
753
759
756
762
757
758
759
760
760
753
754
759
757
757
755
760
760
763
761
764
765
770
770
768
772
769
764
765
767
764
758
755
757
754
749
753
752
748
751
755
755
761
762
759
761
756
760
765
766
763
756
756
758
754
753
756
751
748
748
749
748
750
753
755
755
758
758
762
759
761
766
768
767
766
770
765
771
774
777
781
786
789
791
794
791
797
796
798
800
805
809
804
806
804
802
801
804
801
795
795
800
799
804
802
803
807
802
803
802
802
801
800
802
802
801
802
799
793
790
788
781
782
782
783
783
783
783
782
783
780
784
782
787
783
780
785
786
784
785
789
791
790
790
792
792
797
795
801
801
799
799
799
796
794
791
785
788
786
787
786
787
789
794
798
797
801
803
799
797
803
803
799
795
797
804
804
801
806
804
807
813
815
815
815
821
823
820
821
817
819
815
820
825
825
824
829
831
832
828
824
828
827
822
822
829
835
842
842
842
845
843
842
