0
0
0
0
2
4
5
8
9
11
12
13
13
15
15
16
16
17
16
19
20
20
19
18
18
18
17
18
18
20
18
18
16
18
19
19
20
20
21
21
21
21
20
22
22
23
22
21
22
24
25
25
26
27
28
27
27
29
30
29
29
29
29
31
30
30
28
28
28
26
26
29
30
31
29
28
25
25
23
25
27
29
29
29
31
28
26
27
27
28
29
29
30
30
32
35
36
36
36
37
37
39
39
38
41
40
40
40
43
43
43
43
43
43
42
43
46
45
48
46
44
43
46
46
46
46
49
46
46
44
44
43
43
42
41
40
40
40
41
44
46
45
45
46
43
41
41
42
43
43
46
47
50
52
51
51
51
51
51
53
54
52
53
54
51
51
53
55
57
57
58
61
62
64
64
66
63
64
65
66
64
63
62
61
62
61
62
63
63
66
65
65
63
63
61
59
61
62
62
63
63
64
64
66
65
67
67
68
68
67
67
65
64
63
66
65
65
67
66
67
68
69
70
69
68
67
68
71
69
67
66
66
65
65
65
66
67
67
67
69
68
68
68
68
68
70
69
69
66
64
65
63
66
66
63
64
64
66
66
66
66
66
66
67
69
68
65
67
67
69
71
70
72
72
74
75
77
76
74
74
72
72
71
74
77
78
79
78
77
77
76
75
73
75
76
76
73
74
75
75
74
72
73
74
74
74
74
74
74
74
71
68
66
66
66
64
62
62
60
62
62
59
62
64
64
64
64
64
65
67
67
66
64
62
63
65
66
64
64
66
67
70
72
71
71
69
70
68
70
72
73
73
73
72
72
71
69
68
70
70
71
73
70
70
71
70
69
68
71
73
75
73
75
72
72
71
71
70
69
72
72
75
76
76
76
78
77
76
76
75
76
77
76
76
75
73
71
72
71
71
73
72
73
73
75
76
77
78
78
76
76
77
77
79
78
79
81
79
77
75
74
73
76
76
73
74
76
75
76
77
79
78
79
76
74
74
74
73
75
74
73
74
74
75
75
75
73
73
75
75
75
77
75
76
75
78
80
82
81
79
79
79
78
80
82
81
80
81
81
79
82
81
83
82
82
85
86
86
88
88
87
87
88
88
88
86
85
82
83
83
85
88
89
91
92
90
89
89
87
88
86
86
86
85
84
83
83
82
81
82
80
81
80
81
82
82
80
80
80
79
82
84
87
87
89
90
91
90
91
89
88
88
90
93
92
93
94
94
94
93
92
92
93
92
94
96
96
98
101
98
98
97
97
96
94
94
93
91
92
92
91
92
92
93
93
95
95
96
93
93
94
93
92
95
93
96
96
98
100
100
99
99
96
96
95
95
93
95
95
95
94
94
94
95
96
96
96
98
98
99
100
102
105
105
103
104
102
103
103
103
100
99
102
102
101
98
98
98
97
100
101
101
102
99
100
99
101
101
104
103
102
100
98
96
93
93
93
92
92
93
90
89
92
94
94
93
96
96
98
99
100
103
105
108
111
111
113
114
115
113
113
112
110
112
115
116
113
110
109
112
113
112
114
117
115
115
115
118
119
119
117
119
116
116
114
117
116
116
114
114
113
111
113
113
113
116
115
116
118
120
119
119
122
120
120
118
118
117
120
123
122
123
123
124
127
128
128
125
124
123
122
122
121
121
122
123
124
124
123
123
123
124
123
123
121
121
122
122
122
123
123
123
124
124
124
125
128
128
129
130
129
131
131
131
130
133
132
131
131
132
132
134
135
133
134
135
137
135
135
136
136
136
138
138
136
139
139
139
140
140
138
137
136
136
137
136
135
135
135
136
136
134
137
138
138
140
143
142
140
140
143
145
144
141
141
141
141
141
143
144
145
144
143
141
141
144
144
142
141
143
144
143
142
142
139
139
141
144
142
144
146
144
146
147
147
148
146
146
148
150
148
149
151
151
153
152
153
151
151
151
151
148
148
146
147
144
145
146
145
147
146
145
144
147
148
150
150
151
153
154
153
154
156
157
157
157
156
155
153
154
155
156
156
157
158
159
162
163
162
161
163
165
164
165
166
169
170
172
171
171
171
170
173
171
169
172
172
173
173
174
175
172
172
171
171
170
171
170
170
170
169
171
170
167
167
169
169
170
169
168
169
169
171
173
175
175
177
176
176
175
172
174
176
175
173
173
172
173
174
174
174
177
175
176
177
178
177
175
173
175
173
172
170
170
168
170
171
170
170
169
170
169
172
172
173
172
170
170
172
172
169
169
170
172
171
174
174
174
174
175
174
175
175
174
176
173
172
169
170
170
167
169
169
166
164
166
166
166
167
166
168
171
173
174
177
175
174
171
170
170
173
171
173
172
175
177
178
176
176
178
178
179
179
179
177
180
180
177
178
178
177
176
176
176
178
180
181
182
181
178
180
181
184
181
181
181
181
183
181
178
178
177
174
172
172
174
177
179
182
183
183
183
184
183
181
180
179
179
178
177
180
182
183
182
182
181
181
182
183
184
182
183
183
180
180
180
179
179
179
179
179
181
181
181
178
178
179
178
176
174
175
176
176
174
174
173
171
170
170
172
174
174
173
172
173
173
176
178
181
178
181
183
184
183
183
183
183
184
185
185
183
184
186
187
186
185
184
187
187
187
189
188
187
185
184
183
182
180
181
180
179
179
181
180
180
181
182
181
179
181
181
180
180
180
182
180
177
179
179
178
175
177
177
178
180
182
183
181
180
178
178
179
179
182
182
179
179
177
179
176
179
181
183
180
181
180
179
178
180
179
181
179
180
180
180
179
180
178
177
179
179
179
179
182
182
185
186
188
187
189
191
193
192
195
194
194
196
197
197
194
193
194
193
195
197
198
201
201
201
200
198
201
199
196
195
196
195
194
193
192
193
191
192
193
193
194
196
198
198
199
197
195
195
198
199
199
200
197
195
194
194
193
194
194
193
193
193
194
196
198
197
195
194
193
192
190
189
188
185
183
183
186
187
190
190
191
190
190
189
186
185
185
182
182
181
183
185
186
186
186
186
184
186
184
184
187
186
185
184
186
184
184
185
186
185
185
185
182
182
181
180
179
176
177
177
178
178
177
174
172
175
173
173
175
177
177
179
179
181
181
182
181
182
181
181
180
177
177
176
176
178
179
182
184
184
185
185
185
188
189
188
188
185
186
185
186
187
186
187
188
190
188
188
188
187
188
188
188
185
183
186
186
186
186
185
185
185
183
183
184
185
182
183
184
183
184
184
183
183
182
182
181
178
179
180
181
180
177
178
179
177
176
175
176
176
177
176
177
177
180
177
179
178
180
180
179
179
180
183
181
180
180
183
186
188
190
189
188
186
186
189
189
190
189
191
190
190
188
186
183
180
180
179
180
180
181
182
183
184
183
184
181
181
180
177
178
180
180
178
178
177
178
179
179
178
180
182
183
182
183
183
185
186
185
188
187
189
188
189
188
190
190
189
188
190
189
192
191
192
194
195
195
197
196
198
199
200
200
200
202
202
203
201
201
202
202
203
203
202
204
204
205
207
207
205
204
205
206
204
207
207
207
206
205
207
207
204
201
199
198
196
197
197
199
199
197
198
199
200
201
200
199
202
201
200
201
203
205
203
201
200
201
203
202
205
206
207
208
209
210
210
212
211
209
208
206
204
202
203
201
202
205
208
208
208
207
208
208
209
210
210
207
206
205
205
204
201
199
199
198
196
194
194
192
192
193
192
195
195
195
197
197
196
197
200
201
198
199
198
200
202
202
202
203
205
205
208
207
205
206
207
207
208
208
208
208
207
207
207
206
208
206
206
204
203
203
205
207
206
203
201
200
201
204
203
203
204
203
206
208
208
208
207
206
206
203
202
200
199
198
196
197
198
200
200
201
199
201
202
200
197
196
196
198
198
199
197
197
198
199
199
201
202
202
199
199
201
202
202
200
201
202
203
203
200
201
202
202
201
200
201
199
201
199
198
197
196
195
195
195
195
197
198
197
195
195
195
195
196
196
195
195
196
196
193
193
193
194
193
195
196
196
197
194
194
193
195
195
195
193
191
190
191
191
191
193
196
198
197
198
198
198
198
197
197
200
200
201
200
200
200
201
203
202
201
202
200
202
202
204
205
206
206
205
205
207
208
206
205
204
206
206
208
208
209
209
207
204
205
202
199
201
201
201
198
197
198
199
199
198
197
196
198
198
201
201
202
199
197
200
203
204
206
208
208
206
205
203
204
206
206
209
209
209
209
207
207
206
208
209
211
209
207
209
209
210
209
209
208
208
208
205
206
209
210
211
213
212
212
212
215
215
215
215
215
215
213
212
214
217
219
217
217
219
218
220
218
217
216
217
215
213
214
214
215
213
214
216
216
213
211
211
211
212
211
210
208
209
208
210
212
211
210
208
208
209
210
209
212
210
209
209
210
210
212
213
215
215
214
215
214
213
216
216
219
219
217
217
215
216
215
215
215
215
214
213
212
210
210
212
212
213
215
214
212
210
207
207
207
205
206
203
204
202
200
198
199
201
202
204
207
206
207
205
205
205
206
203
203
203
201
202
200
200
199
198
197
198
196
199
200
198
197
196
197
194
195
197
197
197
196
195
195
194
197
200
202
201
201
201
202
205
207
209
212
209
208
207
208
208
208
207
204
204
203
201
198
197
194
193
195
194
195
192
192
191
189
190
189
192
190
189
192
194
195
193
191
192
189
188
188
190
191
191
192
190
191
192
190
190
187
189
190
190
187
190
188
186
187
185
182
184
181
184
184
184
183
183
186
185
185
185
184
184
187
189
189
191
189
189
190
190
190
188
188
188
188
188
190
188
187
187
186
185
186
187
184
183
183
186
186
186
186
185
183
182
180
181
180
181
181
182
183
184
182
181
181
183
184
186
185
188
188
190
187
188
188
187
186
189
188
188
190
192
192
190
193
192
192
192
191
192
193
192
192
192
192
193
190
189
188
191
193
195
195
194
196
198
199
200
201
202
204
205
202
203
202
204
201
200
201
201
200
201
202
204
205
205
202
204
204
204
202
199
200
199
200
200
202
203
203
201
200
200
201
201
201
200
200
199
197
194
194
196
193
192
191
190
191
191
190
190
192
192
189
189
190
190
191
191
190
189
191
192
193
191
194
193
194
195
193
194
197
200
202
200
202
199
199
197
198
197
194
193
193
190
192
192
192
194
194
195
196
198
199
198
198
198
198
198
201
200
202
199
198
198
199
197
196
198
200
203
201
201
202
201
200
202
203
206
204
206
209
209
211
211
211
209
207
208
210
211
214
216
217
214
213
216
218
216
217
216
217
217
216
214
212
211
210
207
206
207
207
208
208
206
206
208
206
209
207
206
205
206
206
207
208
208
206
206
206
207
206
207
207
207
205
205
206
207
208
208
210
208
209
208
207
207
210
208
210
210
211
211
211
211
212
210
210
207
207
207
209
209
210
210
211
211
211
211
210
211
212
213
215
217
214
215
215
215
217
215
215
213
212
214
214
214
215
215
212
213
212
213
213
213
215
216
216
218
218
220
217
220
222
221
223
223
224
223
224
223
224
223
226
228
229
226
228
228
227
226
229
229
229
229
232
230
230
230
230
231
230
229
227
227
227
229
230
229
231
233
234
235
236
236
234
235
235
235
237
236
238
239
240
240
239
239
236
237
238
238
238
239
237
237
238
240
241
242
240
241
240
237
235
235
236
237
236
236
235
236
235
234
233
232
231
230
229
229
229
226
226
226
226
225
226
229
231
232
234
233
234
233
230
230
230
228
227
229
228
225
226
224
225
224
224
222
224
225
226
225
225
225
226
224
226
223
222
222
224
224
225
227
226
227
226
224
227
224
226
228
227
227
226
226
227
227
229
230
228
227
225
225
226
227
229
230
230
233
233
232
232
235
233
233
231
231
230
231
231
231
230
229
229
227
229
229
228
228
226
227
227
227
230
229
228
227
227
227
229
228
229
231
230
231
228
226
224
224
225
222
223
221
224
223
224
221
219
218
221
223
221
221
222
222
224
226
224
223
226
225
226
227
227
229
232
235
237
238
238
239
239
238
237
240
239
241
240
241
242
240
242
240
240
239
237
236
236
237
236
239
241
241
238
239
237
237
239
241
240
242
244
246
246
244
244
246
248
246
246
244
242
240
239
237
237
234
234
234
233
230
233
234
235
235
236
237
237
239
241
242
242
240
242
242
240
239
236
235
238
236
235
237
236
236
236
236
237
238
238
240
238
239
241
238
236
235
235
238
237
235
236
238
239
238
238
239
238
239
238
238
241
242
243
242
240
237
235
235
233
235
237
239
238
236
235
236
237
238
238
241
244
245
245
247
244
246
247
245
242
242
244
245
245
245
245
245
243
243
242
241
239
239
238
238
241
242
241
241
239
238
239
239
239
239
236
235
238
239
240
239
236
236
236
236
238
237
239
239
241
240
240
239
238
235
236
237
235
232
229
228
231
230
228
229
228
229
226
223
224
224
225
225
228
227
228
226
225
226
226
226
224
225
224
226
226
227
229
228
227
228
228
227
227
230
229
229
229
229
229
230
232
230
229
231
232
233
233
234
237
235
235
236
236
234
235
234
231
233
233
231
230
230
230
230
228
227
228
228
227
227
227
228
229
230
230
231
230
229
231
230
228
226
227
227
227
229
229
230
229
229
232
233
232
232
230
231
233
233
233
234
231
229
226
223
226
227
226
225
223
225
224
224
224
227
224
224
222
222
221
221
224
224
222
221
224
225
225
226
224
223
222
222
221
220
217
217
218
218
218
218
217
219
220
218
218
215
215
213
215
214
213
210
210
210
209
208
210
210
209
210
210
211
210
210
210
212
212
210
212
211
213
210
212
214
212
212
212
215
215
216
217
217
215
217
219
220
221
218
219
217
218
218
217
219
220
220
220
220
221
221
221
222
224
223
225
225
223
226
224
225
223
223
224
222
222
222
224
224
227
228
230
227
227
227
227
227
227
224
222
222
220
221
219
218
219
218
219
221
220
223
224
223
221
220
221
220
220
222
220
219
219
222
223
223
222
221
221
219
217
216
215
214
215
215
212
212
212
213
212
213
214
216
214
213
215
215
215
215
216
216
218
221
218
221
222
222
221
224
223
225
224
224
223
225
227
227
227
228
228
228
231
231
229
226
229
230
229
227
225
228
226
226
227
227
228
228
226
226
225
222
220
218
219
221
221
220
220
221
220
219
217
216
216
216
217
215
213
212
213
212
212
214
215
216
216
215
218
218
220
220
221
223
223
221
221
220
217
216
214
214
212
212
210
210
207
206
208
210
210
213
214
214
215
217
219
218
217
216
217
216
217
216
216
214
211
210
210
212
210
207
207
207
210
210
211
210
210
210
207
208
207
207
210
212
213
213
211
209
209
207
206
206
205
207
206
207
209
208
209
211
212
213
211
210
210
210
211
211
210
212
213
215
214
214
213
215
214
214
212
215
215
215
214
212
214
213
212
209
207
208
209
211
211
211
210
211
208
207
209
209
209
207
207
204
204
204
202
204
202
203
202
203
201
200
200
201
202
200
198
199
200
200
200
201
198
197
195
194
194
194
195
192
191
188
190
187
187
187
186
183
183
181
182
182
181
182
182
181
182
182
183
181
181
182
184
186
187
188
187
185
187
188
187
188
187
185
185
187
186
187
185
186
185
187
187
186
184
184
186
187
187
187
187
188
189
190
189
187
187
186
186
188
188
188
190
192
191
190
188
190
190
193
194
194
193
192
192
192
189
192
192
193
194
197
199
199
199
196
197
196
195
195
195
195
194
195
196
197
197
198
195
196
197
194
194
194
195
196
198
196
195
192
193
195
193
193
191
192
192
193
193
192
193
193
196
197
196
194
193
191
189
190
191
192
190
192
191
194
193
193
192
193
194
195
195
194
196
193
191
192
190
191
190
192
191
194
192
194
194
194
194
192
193
194
196
197
198
199
199
198
196
198
201
200
200
201
200
199
198
196
196
196
195
195
197
198
197
197
197
197
196
197
197
195
194
193
195
194
195
197
198
199
202
203
203
203
200
198
198
196
197
195
198
198
201
203
202
205
204
204
206
206
205
206
206
203
200
197
198
198
201
201
200
201
203
202
201
201
202
201
201
201
200
198
196
196
198
199
197
195
193
192
193
190
189
189
189
190
190
189
191
188
189
188
188
189
191
194
195
196
196
194
194
195
196
196
198
195
193
196
195
194
192
192
192
193
194
196
197
199
200
201
202
204
204
205
205
204
206
205
205
207
207
207
208
207
206
206
206
208
210
211
210
207
207
204
204
205
207
204
203
203
200
198
198
195
196
196
195
196
195
195
193
193
191
193
195
194
196
196
195
195
196
198
197
200
199
197
195
193
195
194
195
193
191
193
193
193
194
192
194
195
195
197
198
196
194
195
197
198
201
202
202
203
203
204
204
204
205
206
205
207
206
203
201
201
202
202
203
203
202
202
202
203
202
202
199
199
199
199
199
202
199
200
200
197
194
194
194
192
195
196
195
196
197
195
197
198
198
199
199
200
201
201
202
200
198
197
198
197
196
196
199
200
198
200
201
200
199
200
197
198
200
202
202
202
201
202
202
205
207
207
208
210
213
215
215
214
214
211
208
208
208
206
204
202
203
201
204
201
201
203
203
205
205
205
205
208
208
208
206
205
205
204
203
204
202
203
202
202
204
205
205
206
206
209
211
211
212
213
212
209
207
208
210
211
209
208
207
208
205
207
208
208
209
210
211
209
209
207
208
210
213
212
212
212
214
213
216
216
216
215
215
216
216
214
214
211
212
213
215
213
213
212
215
217
218
217
214
213
212
211
212
212
212
214
216
217
217
217
216
215
216
214
213
214
215
217
215
213
213
216
217
218
220
221
221
220
221
218
217
217
218
217
219
218
217
216
217
220
220
221
222
224
222
222
223
221
221
219
219
218
216
217
215
217
217
217
219
219
221
222
224
224
225
224
223
221
221
224
223
221
221
221
223
225
224
222
225
224
225
228
228
227
229
226
228
225
222
225
225
225
226
226
225
222
220
217
217
217
215
214
214
216
219
218
217
219
218
217
218
220
218
220
220
217
217
219
222
221
222
225
225
225
225
224
225
228
228
229
231
228
228
227
228
228
229
230
231
229
226
229
227
227
228
229
227
225
225
227
225
224
224
225
225
224
224
223
225
225
225
223
226
225
223
224
225
223
223
224
225
225
226
225
226
225
223
225
224
223
223
224
223
223
224
224
226
228
230
230
231
230
229
231
231
232
234
234
233
234
233
233
231
232
229
231
230
232
232
230
231
232
234
235
234
234
235
235
235
235
237
235
234
234
236
236
235
238
236
237
237
239
238
235
237
237
237
238
235
236
236
237
237
236
234
235
238
238
241
241
242
241
239
240
241
238
237
239
240
241
240
238
240
241
240
240
242
244
245
245
244
245
243
241
243
242
242
242
241
239
240
241
243
241
240
238
238
236
237
235
235
236
233
235
235
238
238
239
242
242
241
238
237
239
240
240
237
236
238
239
238
238
238
239
239
239
241
240
241
244
244
243
243
244
246
245
245
246
246
244
241
241
243
245
246
248
248
247
247
247
250
248
245
246
246
246
248
246
247
246
247
249
248
248
249
247
245
248
246
246
247
246
246
247
247
247
248
247
248
251
253
255
254
253
252
254
254
254
255
255
252
252
254
254
253
254
252
255
256
259
259
260
259
260
260
263
260
259
259
259
258
258
257
257
256
253
256
258
255
255
254
252
252
251
249
246
245
248
250
252
251
254
255
256
253
250
250
248
246
243
243
243
242
242
243
240
239
239
238
235
236
239
241
243
242
242
244
243
243
244
246
247
247
248
248
250
248
247
249
247
248
251
251
252
252
250
248
247
244
245
244
243
245
245
244
244
244
244
242
240
237
238
238
238
238
240
238
235
236
238
236
237
238
240
238
239
239
241
240
241
241
239
237
238
239
242
242
242
244
242
243
240
242
242
245
247
247
247
250
250
250
251
252
253
254
255
258
257
260
260
262
261
259
257
259
258
259
259
258
256
256
256
259
258
259
261
261
263
262
201
203
204
205
204
201
200
203
204
205
204
205
202
205
204
203
204
201
202
202
202
201
202
202
202
199
200
201
201
199
198
199
201
198
199
199
200
201
200
199
199
198
197
197
198
197
195
195
197
197
196
196
195
195
195
195
198
197
196
199
201
202
200
202
202
204
204
202
201
202
203
205
204
206
206
208
207
206
206
208
209
209
207
204
201
198
195
196
195
197
197
194
196
195
195
195
196
197
197
199
198
199
200
203
203
204
201
201
200
200
201
201
200
200
200
201
199
202
199
199
200
199
201
202
202
202
202
203
203
202
203
205
204
202
201
201
202
202
200
200
201
202
199
201
203
204
204
205
203
202
203
202
202
201
201
199
197
195
192
192
190
188
190
191
193
193
193
192
191
192
193
194
194
196
196
197
194
193
196
195
196
198
196
195
195
196
196
196
196
194
193
195
195
195
195
195
197
198
198
200
197
199
199
201
201
202
203
202
200
199
199
199
199
198
201
199
197
196
196
195
197
198
200
203
204
202
202
201
200
200
203
203
203
201
200
199
199
198
197
198
198
201
203
205
206
204
205
208
207
206
206
207
207
205
206
206
208
208
206
206
205
205
208
207
206
207
207
207
208
207
208
207
206
204
202
202
202
200
201
203
201
202
204
207
204
205
204
204
201
200
200
197
197
197
195
194
196
197
194
195
198
196
197
200
198
198
200
197
199
197
196
199
197
197
199
199
199
200
203
205
204
205
204
202
201
201
200
201
200
203
203
203
203
201
200
201
202
203
205
202
200
201
199
199
197
194
191
193
195
198
197
200
199
200
198
197
198
198
198
198
198
201
199
198
201
200
200
203
206
203
202
199
199
198
197
197
197
196
197
200
198
198
199
200
201
203
203
204
206
206
206
206
206
207
209
206
207
209
210
209
208
207
207
205
206
208
210
210
211
209
208
206
204
203
203
203
201
203
201
201
199
199
199
200
201
201
202
201
198
199
198
197
197
197
195
197
196
197
199
199
199
202
200
201
202
201
204
204
205
204
205
208
207
205
205
208
207
210
211
210
207
208
207
207
207
208
208
208
208
209
210
211
210
209
209
211
211
212
214
217
216
215
215
216
213
210
210
207
208
208
207
207
209
211
208
208
208
209
210
211
210
212
212
214
215
215
216
215
212
211
211
211
211
214
214
213
214
214
217
217
218
219
217
218
215
215
213
214
215
216
215
215
217
216
213
212
213
213
212
212
212
214
214
215
214
215
215
218
219
220
223
222
224
222
220
217
219
218
217
220
223
222
221
224
224
223
223
225
225
224
221
222
221
219
217
219
217
215
216
216
215
213
212
213
214
214
214
213
215
216
214
215
216
216
219
222
221
221
222
221
221
218
218
221
221
221
220
219
217
217
215
215
214
215
215
215
215
215
214
216
218
218
219
220
223
223
224
225
225
224
225
226
227
226
225
224
225
225
228
228
227
224
223
223
223
222
222
221
221
221
220
219
219
219
216
215
215
216
215
212
213
212
214
211
210
209
206
206
203
203
204
202
204
203
206
207
206
204
203
204
204
206
204
207
207
206
207
209
208
208
207
206
203
203
205
207
207
204
201
200
200
202
205
207
208
210
210
209
210
209
210
209
208
208
208
207
208
211
211
212
214
214
214
214
214
212
210
211
209
208
207
209
208
207
209
208
208
209
210
209
207
208
207
206
206
207
207
208
209
210
208
207
205
206
207
206
208
206
205
207
205
207
209
207
209
211
213
215
214
212
212
212
212
209
207
209
210
209
207
205
205
205
208
207
209
211
214
211
210
209
209
209
209
212
214
216
215
214
213
215
217
217
217
217
216
218
215
215
213
210
209
210
211
211
211
212
214
214
213
213
214
212
211
211
209
208
209
209
208
209
211
208
208
208
208
208
209
210
210
208
207
206
204
205
208
209
209
210
211
211
210
208
208
206
204
206
205
206
209
212
213
212
210
210
211
210
213
214
212
210
210
210
212
210
213
214
212
212
211
210
210
209
208
210
213
213
215
215
214
215
212
209
210
212
212
213
212
212
212
213
214
216
216
215
214
214
211
212
214
214
212
212
214
215
215
216
215
218
219
217
217
214
215
214
213
214
215
216
219
217
216
216
218
217
214
214
214
215
212
212
212
211
208
210
210
210
208
211
213
216
215
212
211
208
209
209
208
206
207
208
207
209
210
211
210
209
209
208
209
207
207
207
209
207
207
207
208
209
212
213
211
212
213
214
215
215
213
212
212
211
211
209
210
211
212
212
210
211
210
210
211
210
211
213
212
212
210
210
210
208
207
205
206
206
207
205
204
204
204
202
200
202
203
203
203
203
205
206
207
207
206
206
205
204
205
205
206
208
209
208
208
206
205
205
206
204
202
203
201
202
205
208
208
210
210
211
208
208
205
206
209
209
207
206
208
208
207
204
203
204
205
206
206
207
208
208
208
209
211
213
212
211
212
212
214
213
213
214
215
217
217
218
220
220
220
221
223
224
225
222
222
221
219
222
221
220
220
222
223
221
221
221
221
223
224
224
225
228
230
231
232
232
233
232
230
232
230
230
227
228
230
231
232
232
233
234
233
233
233
234
233
234
235
234
232
231
228
227
227
229
226
223
221
221
223
221
221
220
218
220
219
220
220
220
218
218
220
220
219
220
221
222
222
220
220
221
219
219
220
222
223
222
222
219
221
222
223
226
226
226
224
225
224
224
227
225
225
228
231
233
233
236
236
233
231
233
231
234
232
230
228
229
231
231
232
233
233
235
236
235
238
239
238
237
236
239
239
242
241
241
240
240
239
241
243
243
242
245
242
242
243
244
245
245
243
243
246
247
246
247
248
246
244
243
245
244
243
245
247
246
245
246
245
248
247
247
248
249
250
252
249
246
248
248
247
249
247
247
247
248
249
249
250
250
248
248
248
246
246
247
248
248
249
248
248
248
248
249
248
251
251
254
256
257
258
261
262
265
262
262
262
260
260
262
260
260
258
259
258
257
258
258
258
257
257
258
259
258
256
256
255
256
258
256
257
256
256
255
256
256
259
261
261
262
259
260
262
262
263
265
266
264
262
264
263
265
265
267
268
266
268
269
269
269
269
267
266
266
263
263
261
260
262
265
264
265
267
266
267
268
269
271
269
268
267
268
268
267
267
268
269
270
270
272
270
271
269
267
266
268
266
267
268
267
268
270
269
267
266
266
265
264
262
261
260
260
260
257
256
256
257
255
256
256
255
255
254
253
255
256
258
256
257
257
255
256
254
253
254
254
256
256
258
261
260
258
256
253
255
255
258
259
259
259
256
254
251
249
248
249
249
246
248
246
248
250
251
251
249
249
248
246
247
247
248
249
251
251
253
254
255
253
255
254
253
252
252
254
257
256
255
255
257
257
259
262
259
258
258
257
259
256
256
254
253
252
255
254
252
250
248
251
252
253
251
250
248
250
247
245
246
248
250
250
248
250
247
248
248
249
252
252
254
256
254
252
254
252
252
250
250
250
249
247
245
247
247
248
246
246
247
247
248
245
244
245
244
244
243
243
243
243
241
241
241
239
239
240
241
242
242
242
245
245
245
246
245
243
245
245
244
243
242
243
244
242
241
239
237
240
239
238
237
236
236
238
238
241
242
241
243
246
249
251
251
250
248
251
252
252
251
249
251
252
254
254
257
260
262
263
266
265
268
266
267
269
271
271
272
274
273
273
273
271
272
274
274
274
274
273
273
275
275
276
277
279
279
280
280
283
285
284
282
282
279
278
278
277
278
278
275
275
275
272
273
271
268
267
268
270
270
269
268
268
267
269
270
271
272
274
273
272
274
272
273
274
277
277
276
279
278
279
281
283
282
285
284
285
287
287
287
286
287
286
286
285
284
285
284
281
280
282
282
280
281
282
281
281
281
279
281
282
282
284
283
285
288
288
288
288
287
285
285
283
283
285
283
283
285
286
283
282
284
283
285
287
287
286
284
287
287
286
288
286
287
286
289
289
290
289
292
290
290
288
288
289
288
290
288
291
288
285
284
282
284
284
285
283
282
283
285
285
283
281
280
281
278
277
277
278
278
278
278
279
278
279
280
281
284
285
285
283
283
281
280
282
282
284
282
282
282
284
285
282
281
278
281
281
282
282
282
282
283
285
285
283
284
281
282
285
284
283
283
281
281
282
283
281
284
284
285
285
282
283
284
284
282
283
282
284
284
286
287
285
285
285
285
283
285
283
281
280
281
283
285
285
288
289
289
288
289
291
290
289
289
288
289
289
289
289
289
287
290
293
296
295
296
294
297
300
302
301
300
301
301
301
299
300
300
301
301
299
301
300
298
295
294
297
297
296
299
299
298
298
296
293
293
295
295
297
299
299
299
299
301
301
298
299
296
296
294
292
292
293
295
297
298
300
299
301
300
297
297
296
293
290
289
289
289
289
289
288
288
287
287
287
287
288
288
287
287
287
289
292
294
292
294
292
293
293
293
293
293
295
295
295
295
293
292
295
296
297
296
298
296
298
297
294
294
295
296
293
293
293
294
294
294
294
295
296
299
298
295
295
293
295
294
292
295
296
296
298
297
296
296
298
298
296
294
293
293
293
294
295
294
295
293
295
293
294
291
292
292
294
291
288
289
289
286
289
290
291
292
292
292
294
294
294
293
292
289
291
291
291
290
289
291
291
291
292
293
296
297
297
296
296
295
296
298
301
303
305
304
305
304
304
304
307
309
308
308
311
311
311
312
311
311
313
313
313
313
314
316
316
315
317
320
320
319
320
320
322
320
318
317
318
315
313
313
313
314
314
313
313
314
313
311
312
313
314
317
316
314
313
313
313
313
315
317
316
314
315
315
315
314
316
316
317
316
316
316
315
316
314
313
313
314
311
311
309
307
308
309
310
310
312
311
311
312
314
315
316
317
320
319
318
316
316
316
314
311
308
307
308
310
310
310
310
309
308
308
307
304
304
305
307
309
306
307
307
307
308
309
311
312
309
312
312
313
312
312
313
315
318
319
322
322
321
323
323
326
326
326
323
324
323
320
318
317
314
313
315
315
316
315
318
317
317
315
315
315
313
316
319
317
314
311
309
309
309
309
306
308
307
306
305
307
306
304
302
303
306
304
307
307
307
306
307
306
304
306
307
307
306
306
306
304
305
305
306
308
307
307
307
307
304
303
300
302
302
304
304
307
305
305
304
307
306
309
308
307
305
304
303
302
303
305
302
302
299
300
299
296
298
299
302
303
303
302
302
303
302
301
301
302
300
303
302
304
306
304
303
302
300
300
301
299
299
300
300
301
302
302
303
303
302
304
303
302
301
300
303
303
305
305
305
306
307
309
312
310
308
305
304
306
307
310
311
310
310
309
310
311
312
312
313
310
313
315
318
318
319
317
315
312
311
310
310
313
313
314
314
314
313
315
317
315
316
316
315
314
313
314
314
315
313
312
310
313
312
312
312
312
312
310
309
306
308
308
305
306
303
300
302
303
303
302
302
301
301
304
302
299
300
299
298
298
299
299
298
296
296
297
298
300
303
304
305
304
306
307
310
310
311
312
312
312
310
309
308
307
309
311
312
312
311
310
312
313
313
313
311
313
313
311
312
312
311
309
309
310
308
309
309
311
308
308
307
306
305
308
306
305
305
302
303
302
303
302
301
302
305
306
304
302
302
301
304
303
306
308
310
310
310
310
311
312
315
318
317
317
315
314
314
315
318
320
320
318
317
319
320
319
321
323
325
328
328
329
327
327
329
328
325
324
324
325
325
327
328
326
328
327
329
330
329
331
331
333
332
333
333
332
334
333
333
330
328
326
326
328
329
327
324
324
326
323
322
323
322
323
324
323
325
324
324
327
327
324
326
324
323
324
324
325
322
321
320
323
323
326
325
324
324
326
329
329
326
327
328
325
326
326
323
322
319
320
318
320
319
320
320
323
323
324
326
323
320
317
315
318
318
321
319
318
317
317
316
316
318
318
317
317
319
316
318
317
316
316
315
318
317
319
320
321
323
322
321
323
323
325
326
327
327
330
330
331
329
332
332
333
332
330
330
327
326
325
324
323
323
323
324
324
324
326
326
326
328
328
330
332
335
337
337
335
332
334
335
336
333
332
332
331
331
331
329
329
332
333
333
332
331
329
326
327
328
329
327
329
329
328
326
324
326
326
327
328
328
326
323
326
327
326
326
325
324
326
329
329
328
327
330
332
333
333
331
329
329
330
332
331
334
331
333
333
333
335
336
335
336
335
338
341
341
342
343
342
342
341
343
343
340
342
342
345
346
346
346
348
347
345
345
345
343
344
344
345
346
345
342
341
339
339
338
339
340
342
343
342
340
339
338
338
335
334
334
335
333
335
334
335
334
332
332
334
333
330
329
329
328
328
329
331
334
333
333
334
334
331
329
329
329
328
331
334
334
334
333
334
334
333
334
332
332
332
334
334
334
336
336
336
335
337
337
338
336
337
336
339
338
339
339
337
337
337
336
337
337
334
335
337
335
338
337
340
339
338
340
339
337
337
339
340
340
342
342
343
343
346
346
349
349
349
348
351
351
349
348
350
352
354
353
352
352
353
355
355
356
354
354
356
357
359
359
360
360
362
360
361
363
363
363
364
363
361
358
357
360
359
360
358
359
357
356
358
358
357
360
363
363
361
364
365
365
368
369
370
370
370
370
369
366
364
364
363
364
364
364
364
367
366
368
365
368
369
370
368
369
372
374
375
374
374
376
374
372
374
372
371
370
371
374
371
373
373
373
373
374
374
372
374
374
376
375
372
374
374
375
373
374
374
375
377
375
375
375
375
376
375
373
371
371
370
371
373
374
372
371
368
365
364
365
367
365
363
360
358
359
358
357
354
356
359
359
361
361
362
361
363
365
366
365
364
363
365
367
368
369
368
367
366
365
365
363
360
358
356
359
359
359
360
362
362
362
365
364
362
362
360
360
362
364
363
365
364
363
363
362
362
362
361
363
363
363
361
360
360
360
360
360
360
359
358
360
362
363
362
365
368
369
367
364
365
363
363
365
368
368
370
371
372
373
373
374
375
374
374
375
374
374
374
372
373
373
372
374
376
378
378
379
379
381
379
380
378
377
378
377
377
377
375
374
376
376
378
377
377
378
375
374
372
369
308
307
306
306
305
303
306
307
308
311
314
315
313
315
312
313
316
317
319
319
317
317
315
313
315
312
312
310
312
311
309
312
312
313
312
311
311
311
311
314
312
312
312
313
315
317
316
316
318
318
320
319
317
318
321
319
320
317
317
317
320
319
319
318
319
318
317
315
318
317
317
316
315
317
318
321
322
323
323
323
323
323
322
323
321
320
320
320
318
318
316
316
315
314
313
316
315
317
319
322
322
321
319
319
319
320
321
320
318
319
318
320
320
320
322
322
322
321
321
319
319
318
321
323
320
319
319
318
316
315
316
314
315
317
318
317
317
316
319
320
322
320
319
319
320
322
320
322
324
323
324
324
321
322
324
325
323
324
324
323
322
323
324
324
322
323
326
328
329
330
327
324
323
326
327
328
330
332
331
328
328
327
327
328
331
332
333
331
330
332
335
335
334
333
333
332
332
334
335
333
333
332
331
330
328
326
328
329
330
329
329
328
330
330
331
330
327
328
326
326
327
328
329
332
333
333
334
334
333
332
331
329
329
330
328
328
329
329
327
327
327
329
329
327
330
330
327
328
330
331
333
331
331
332
334
332
333
336
337
338
339
338
337
336
338
339
339
336
335
333
333
332
331
332
332
331
333
331
332
330
327
327
329
326
326
327
325
325
325
325
325
326
325
324
324
325
323
322
321
322
320
318
317
316
315
316
313
315
313
313
314
314
314
315
318
317
317
318
317
318
318
319
319
316
313
312
313
315
316
319
318
321
320
320
319
322
321
320
321
322
321
321
321
319
320
321
320
319
319
320
318
317
319
321
322
323
321
320
319
318
319
320
320
322
321
323
323
325
328
329
330
329
326
328
329
327
326
326
325
327
325
326
328
328
327
328
327
327
326
324
326
329
329
330
330
330
332
333
333
331
329
332
332
333
333
333
335
333
334
335
335
335
336
335
336
338
340
341
338
277
278
276
276
276
276
275
278
276
277
274
273
275
275
273
272
269
268
268
268
266
268
266
266
269
270
273
273
275
277
276
276
276
274
277
278
280
281
281
282
279
277
275
278
279
277
278
277
274
273
273
275
278
276
277
276
275
274
274
274
274
272
274
276
276
277
277
276
275
275
272
270
270
271
272
273
272
271
272
272
272
271
269
269
269
268
269
269
271
272
272
270
272
271
270
270
271
270
270
270
270
268
268
266
267
267
268
269
270
269
269
272
274
273
272
272
271
274
275
275
273
275
277
275
275
273
271
271
271
270
267
267
268
266
267
265
265
264
264
265
264
263
263
264
264
263
265
265
264
264
267
265
265
264
262
263
264
262
265
266
267
268
268
266
265
262
263
264
265
263
262
262
260
260
258
257
257
254
254
256
256
256
254
255
252
251
251
252
252
252
255
254
257
259
260
262
261
260
260
260
257
256
257
258
258
258
257
258
258
257
256
259
260
259
256
258
258
258
256
256
257
257
260
259
259
260
258
259
259
258
258
256
258
258
258
261
262
265
267
267
268
268
267
265
263
264
266
265
267
264
263
263
263
264
263
264
264
264
267
266
266
266
263
266
266
265
266
267
268
265
262
262
261
260
258
257
256
254
254
251
253
254
254
255
256
256
257
259
261
259
259
260
261
260
260
260
259
259
260
261
261
259
257
256
256
258
257
257
256
258
259
261
260
260
259
259
260
259
257
259
260
260
260
260
259
260
258
259
260
257
256
256
256
255
256
257
259
259
259
260
260
263
263
264
266
265
268
269
269
268
268
268
268
268
268
268
266
267
267
270
270
272
269
269
269
269
269
270
269
268
268
269
269
268
270
270
269
271
271
269
267
267
265
265
262
264
265
265
266
269
271
269
267
270
270
268
265
266
265
268
271
270
271
273
272
273
211
214
215
215
215
215
217
216
215
216
216
214
213
216
219
218
216
218
218
217
215
216
217
218
217
218
219
221
222
222
224
222
224
221
220
223
224
223
223
226
226
226
225
225
226
228
230
233
234
236
237
236
236
236
236
237
237
238
236
233
234
235
235
237
236
235
234
232
232
233
233
234
232
234
236
233
232
234
234
236
239
240
237
240
240
242
243
243
242
243
242
239
241
240
237
239
237
237
234
233
232
232
232
232
232
233
233
234
235
237
236
237
235
233
233
234
234
234
232
234
237
234
233
233
232
233
231
231
232
230
227
229
229
230
228
227
229
230
232
231
230
230
228
228
228
228
228
229
231
229
230
228
230
228
229
227
229
229
228
230
228
230
229
227
229
229
229
229
227
226
228
228
228
225
222
224
226
226
228
231
231
233
233
235
232
234
232
235
232
230
227
228
228
228
230
231
230
231
232
232
232
233
236
238
238
240
241
243
242
242
245
247
248
247
248
248
247
245
246
246
247
248
249
249
246
244
242
243
244
243
244
244
245
244
243
240
243
245
246
244
245
245
247
247
247
246
246
249
251
252
255
253
253
256
254
251
254
251
252
254
252
252
249
248
247
247
248
247
247
244
243
246
247
248
249
250
252
252
252
254
253
253
253
251
252
254
256
255
255
255
256
256
256
259
257
258
256
257
257
256
254
254
254
256
255
255
254
255
252
251
252
252
250
249
250
250
250
249
251
249
251
250
253
256
258
258
257
257
257
259
259
256
256
257
255
256
258
255
254
251
252
250
248
249
251
253
254
255
256
257
258
259
259
262
261
264
264
266
265
265
265
264
264
264
266
265
265
265
264
262
263
263
266
267
270
273
276
277
277
275
275
273
273
276
278
279
279
278
277
277
280
281
278
281
280
281
283
283
286
283
285
285
283
285
285
287
286
285
283
283
283
281
283
286
286
289
289
287
290
289
291
294
295
294
292
291
291
289
291
291
288
291
290
289
289
287
287
290
293
290
288
289
289
288
288
285
286
283
282
280
278
281
278
279
279
280
279
277
279
280
281
280
280
279
279
280
282
285
285
284
283
281
279
280
279
280
277
277
274
275
275
274
274
274
275
275
276
275
275
274
275
272
274
274
273
273
275
275
275
277
278
278
280
281
283
285
283
284
283
281
279
280
277
276
277
275
276
277
279
281
279
278
277
278
277
278
280
279
278
281
282
282
280
280
279
279
282
282
279
278
278
276
273
271
269
270
272
273
272
274
275
272
271
271
269
269
266
265
266
267
268
271
272
275
276
273
274
275
276
277
278
275
275
274
275
276
275
277
277
277
278
276
276
275
277
277
276
275
278
276
276
276
277
278
279
278
278
277
278
280
280
280
281
281
282
281
279
278
279
279
281
283
282
281
279
278
277
278
277
274
277
277
275
276
276
275
275
277
277
276
276
276
276
273
273
275
276
276
279
279
279
278
279
278
278
278
277
277
277
277
275
274
272
275
275
277
275
277
279
277
276
277
277
277
279
278
277
276
279
276
275
276
276
274
271
268
268
266
265
266
266
265
266
268
267
269
269
269
270
268
266
263
266
267
270
271
273
274
274
274
273
273
275
275
277
280
282
283
285
286
286
286
286
288
288
289
290
293
294
292
293
292
295
295
297
298
300
301
300
297
294
294
297
296
297
297
296
298
298
298
299
296
296
296
295
294
294
295
294
293
293
293
294
291
291
293
292
295
293
293
291
292
292
292
292
290
291
289
290
291
291
292
291
289
288
287
287
288
287
286
286
283
283
284
283
285
285
288
289
289
289
288
288
289
289
289
288
287
285
285
283
283
281
279
279
278
277
277
275
277
278
278
277
279
280
278
281
283
284
283
283
284
282
280
277
276
279
282
283
282
284
283
283
281
281
280
279
278
278
275
274
272
270
272
274
274
273
271
274
276
275
276
279
280
281
280
279
280
280
279
279
280
280
280
283
283
283
280
278
277
280
280
279
279
279
279
277
276
278
281
280
279
280
278
280
280
280
280
281
281
279
280
278
279
278
275
277
278
276
277
280
281
283
286
285
284
284
285
284
284
285
285
287
288
285
285
286
287
287
288
289
286
288
286
283
283
283
283
281
278
277
277
278
277
275
278
276
274
273
274
275
276
278
280
281
282
282
282
283
283
281
279
278
275
273
272
271
272
272
274
274
273
273
270
267
205
204
204
204
204
205
206
203
204
202
201
199
201
204
202
200
201
203
205
206
207
205
205
202
204
203
203
204
205
204
203
201
202
201
202
202
204
204
204
202
201
201
201
198
198
198
197
197
197
195
196
195
195
195
195
196
196
198
199
199
200
197
197
196
197
197
198
198
197
198
201
201
201
201
200
199
199
199
199
199
200
203
205
203
203
204
203
200
200
200
199
199
200
199
198
198
196
196
197
195
196
196
197
198
198
196
195
197
195
194
193
192
192
195
196
198
199
200
200
198
198
199
200
199
201
203
203
202
203
204
203
204
205
206
205
204
202
204
205
207
208
207
207
207
205
203
205
204
203
206
206
209
210
211
213
213
213
215
214
215
215
218
215
213
215
215
216
215
216
217
216
213
213
213
213
211
213
213
210
210
210
212
213
212
213
212
211
211
212
210
210
209
210
210
210
210
210
212
213
212
210
213
213
214
214
215
215
218
218
220
220
219
219
220
221
220
219
220
218
219
216
214
213
211
213
216
217
220
220
223
223
223
222
225
227
228
229
228
228
226
225
225
226
226
227
229
232
235
232
229
227
225
225
224
226
224
222
224
222
222
222
222
223
222
222
223
223
226
226
226
226
225
227
228
228
228
225
222
223
221
220
219
220
220
223
225
225
225
225
225
223
225
223
223
222
222
224
224
225
225
225
227
225
226
224
223
220
221
220
220
222
222
222
225
223
222
224
224
225
228
225
222
222
219
218
218
217
218
219
218
217
214
212
212
210
208
211
208
207
210
210
209
208
206
205
203
200
200
198
198
196
198
195
194
192
193
195
196
194
193
192
191
189
187
185
188
188
186
188
186
185
185
185
185
185
184
182
183
185
187
189
192
190
190
190
192
191
192
193
192
192
195
195
193
193
191
188
189
190
192
193
193
192
192
193
191
189
191
192
191
192
192
189
188
189
188
188
185
186
189
190
190
190
193
192
193
190
189
188
187
186
186
183
181
181
178
180
182
182
183
181
181
183
185
186
188
189
192
191
193
192
192
195
198
198
196
194
193
194
194
196
195
197
198
199
200
200
203
203
201
201
201
202
202
201
198
199
200
200
197
197
196
196
194
194
193
193
191
192
195
192
194
195
196
193
194
194
193
190
192
194
193
191
191
189
188
189
188
188
188
189
186
187
185
186
186
186
185
183
185
187
190
191
189
188
189
191
191
193
195
195
196
198
199
196
196
197
196
194
197
194
197
196
198
198
196
196
195
196
197
196
196
196
196
193
192
192
192
189
187
187
188
190
192
193
191
191
191
191
191
190
193
194
195
196
195
194
196
197
199
197
199
199
200
197
194
194
193
193
195
194
195
196
194
196
198
201
203
205
205
204
207
205
205
203
202
202
201
200
198
198
196
195
196
197
197
195
197
200
202
202
203
203
204
205
206
207
207
207
208
208
207
208
208
207
205
204
205
208
208
208
208
206
205
206
206
207
207
207
208
208
210
208
205
207
208
210
209
210
210
212
212
214
215
214
215
216
218
219
220
220
218
219
220
221
221
222
223
223
221
222
223
225
226
227
228
228
226
227
225
225
223
222
222
220
221
223
226
227
230
231
231
230
229
230
230
232
232
233
232
232
232
233
235
234
234
233
233
233
234
233
232
229
227
226
229
230
229
229
227
224
224
224
224
223
224
221
218
218
217
217
217
216
214
212
214
214
212
213
211
212
211
212
213
213
216
216
214
216
218
221
222
222
220
221
222
220
220
218
216
216
217
218
217
220
219
222
224
222
223
223
226
226
229
231
232
230
233
234
231
230
233
235
234
236
235
238
238
238
239
239
236
237
239
238
240
241
241
241
241
243
243
241
243
241
243
246
244
244
246
246
248
250
253
253
255
257
257
259
259
258
258
256
255
255
255
254
253
252
255
256
256
254
253
254
254
255
256
254
254
253
251
252
249
249
250
251
253
253
254
256
255
254
253
254
254
254
252
251
248
249
249
249
249
249
251
252
254
254
253
250
247
246
249
250
251
249
247
245
244
244
244
242
240
241
241
239
237
235
236
238
238
238
238
238
240
237
239
237
238
240
240
238
238
239
240
243
242
242
243
244
244
244
243
244
242
243
243
241
242
241
240
239
238
238
236
237
238
239
237
237
235
235
235
233
236
236
237
237
235
237
236
236
236
237
236
236
237
240
239
239
240
242
243
243
241
243
240
242
244
245
245
245
246
245
244
243
244
245
247
246
245
244
244
244
244
244
246
245
246
247
246
246
247
248
249
248
247
247
250
251
252
252
252
250
250
250
249
251
251
248
250
251
249
251
251
251
252
253
254
254
254
257
257
256
256
253
254
253
252
253
254
254
253
253
253
250
250
251
251
252
251
252
253
255
255
256
254
253
253
254
253
251
253
251
252
251
252
252
253
255
253
251
249
248
248
248
249
248
247
246
249
248
248
248
246
246
247
248
250
251
251
249
246
248
250
250
248
249
249
249
250
252
252
250
251
248
251
250
249
251
248
248
251
251
252
254
256
256
255
255
254
255
254
255
255
256
255
255
253
254
255
255
256
257
258
257
256
253
253
256
253
252
253
253
253
252
252
250
252
251
254
253
253
252
255
256
255
255
254
253
254
256
253
255
254
254
254
255
253
251
251
252
252
250
249
250
252
250
252
252
252
251
249
248
245
245
243
240
240
239
236
234
234
232
231
228
228
230
228
227
227
227
225
224
221
223
224
224
223
221
223
222
221
222
220
218
219
220
220
219
219
217
215
216
214
212
211
210
212
212
213
214
215
216
214
213
214
214
213
212
212
211
210
213
214
212
215
214
214
213
210
211
214
213
211
212
215
216
213
215
213
211
209
207
205
204
202
205
204
202
203
205
205
205
205
206
207
209
210
211
213
212
210
209
212
213
213
214
212
211
211
213
214
214
215
214
212
213
213
213
211
210
208
206
205
207
207
207
207
207
206
203
204
206
203
202
205
204
205
205
204
205
205
204
203
204
204
203
203
204
203
201
204
207
209
211
209
211
210
210
211
212
212
212
211
209
208
205
206
206
206
207
204
205
203
202
205
203
203
203
204
206
207
207
207
207
207
208
209
208
211
211
209
209
207
205
202
204
203
204
201
202
200
197
196
196
199
197
197
198
198
198
198
198
197
200
202
202
203
206
206
206
204
202
203
205
202
202
199
201
199
199
199
198
196
194
192
189
189
191
191
192
189
188
189
190
191
191
188
189
187
186
185
183
184
185
187
188
189
190
193
192
193
192
193
192
194
193
193
194
193
193
195
195
193
195
196
199
198
196
196
195
194
193
193
192
191
189
189
189
188
187
186
185
185
184
186
188
189
188
186
186
188
189
189
190
190
190
193
191
190
188
190
190
192
193
193
193
195
192
194
193
191
191
194
195
198
200
199
196
195
197
196
194
195
192
192
193
193
193
192
195
194
197
199
201
203
204
205
208
208
205
205
207
208
206
206
203
203
201
200
201
201
202
201
203
204
203
201
201
201
204
206
208
206
205
204
204
206
203
203
204
205
207
209
208
208
208
207
207
207
209
206
209
209
208
210
212
213
213
214
214
217
217
216
217
217
218
221
222
222
220
220
220
220
220
220
220
218
217
217
218
215
214
213
213
212
212
211
208
208
207
207
210
213
212
211
212
212
212
212
212
213
213
210
210
207
209
211
211
212
215
216
215
213
211
211
211
210
213
214
212
213
214
215
218
218
216
217
215
216
215
216
216
216
215
215
214
214
215
215
215
215
218
217
218
216
215
216
215
217
217
218
219
218
219
221
224
224
224
226
224
223
221
219
218
217
217
216
214
215
216
216
218
219
219
217
218
218
217
217
218
219
220
221
223
220
218
220
220
222
225
227
227
230
232
233
233
232
232
231
233
232
233
231
229
229
232
230
229
227
227
225
225
224
225
224
226
223
223
223
221
220
219
221
222
224
226
226
226
227
226
228
228
228
228
227
225
223
221
222
222
224
222
221
219
218
218
216
218
218
221
221
220
223
223
225
227
228
229
229
230
231
233
236
236
234
235
237
236
238
237
239
242
242
239
240
238
237
237
238
238
240
238
236
237
237
236
238
239
238
240
239
238
237
236
234
234
234
236
236
238
240
240
239
239
239
238
235
237
239
239
237
235
234
233
233
233
235
235
234
235
236
234
233
236
236
235
235
236
235
234
231
228
229
228
225
226
225
224
226
224
223
222
219
219
222
219
220
219
218
220
220
219
219
218
219
219
217
217
219
217
217
214
213
214
215
214
215
214
215
215
214
212
212
213
214
213
211
212
212
212
212
210
209
209
209
210
208
209
207
206
208
208
208
208
210
211
213
213
215
218
218
218
219
216
216
214
211
212
209
209
207
206
205
202
203
205
208
207
208
208
205
206
206
204
204
202
204
205
206
205
205
205
205
206
209
209
207
206
207
209
210
212
213
210
212
209
212
212
211
210
210
213
213
211
212
212
213
211
211
210
211
210
209
207
207
208
206
207
209
209
208
210
213
215
214
215
218
216
216
218
216
214
214
211
211
212
211
213
211
209
209
211
214
214
213
215
215
213
216
218
218
217
217
216
215
214
214
212
212
210
211
210
208
207
208
208
208
210
207
206
205
203
201
200
199
197
199
196
197
196
195
192
190
192
191
192
193
194
192
194
197
197
200
200
197
198
198
196
198
198
199
199
200
201
200
200
200
200
201
204
206
207
210
210
210
210
210
210
210
211
211
212
210
211
208
210
212
210
209
210
210
208
207
208
208
207
207
204
205
202
202
203
203
203
205
206
207
210
209
210
210
211
211
210
208
206
207
205
204
206
207
204
204
206
208
207
204
204
205
202
203
202
199
198
198
198
195
194
196
195
197
196
198
196
194
194
194
192
191
191
193
195
193
193
196
196
199
196
195
195
195
194
195
196
