0
0
0
0
9
19
21
35
39
48
49
50
53
62
63
67
70
65
58
66
54
59
62
67
74
74
76
81
87
89
96
94
92
97
90
79
74
69
70
66
70
61
61
58
59
55
50
58
62
68
67
64
58
57
63
64
57
63
64
66
57
54
48
53
54
56
53
46
40
49
43
50
51
56
60
62
67
67
71
75
82
92
90
91
89
97
98
96
94
87
89
85
80
75
75
80
84
77
64
59
64
69
66
67
74
73
72
63
61
55
54
56
63
62
60
61
68
62
69
75
80
73
84
84
83
74
81
87
85
80
78
71
64
62
63
56
56
58
61
59
58
60
55
57
64
72
69
69
68
68
77
80
78
74
77
75
73
70
65
70
70
76
79
70
74
64
64
66
76
74
81
91
90
95
87
92
101
98
102
102
104
100
106
95
89
88
81
81
71
72
69
64
65
55
56
55
58
55
54
57
57
63
51
54
58
58
60
58
55
54
50
53
51
54
58
60
56
57
55
56
52
54
51
56
52
53
52
53
57
65
65
62
60
60
56
58
56
56
53
58
50
43
34
32
31
38
46
49
58
64
66
70
72
72
86
88
87
93
87
80
84
72
63
71
75
67
78
71
69
77
78
80
86
79
85
90
83
77
84
70
73
73
69
71
79
72
78
76
75
71
71
65
72
68
68
64
67
60
61
55
63
70
73
72
69
63
59
57
57
46
54
63
74
61
59
63
71
72
77
83
84
93
103
99
89
79
87
84
82
78
79
79
81
87
81
78
74
81
81
82
82
85
86
88
85
82
79
85
85
88
84
85
76
82
75
74
79
80
81
84
76
74
80
77
82
83
74
78
80
79
80
82
84
94
89
80
82
81
86
97
92
92
86
83
74
74
63
65
70
82
83
84
77
86
83
91
99
102
98
98
101
99
84
89
87
85
81
80
79
80
94
90
96
94
101
105
94
103
111
116
114
111
110
105
124
117
115
112
109
109
100
99
89
107
108
100
98
102
102
111
101
104
109
103
92
93
80
78
83
75
64
72
67
79
80
76
76
76
84
85
90
83
93
82
73
84
82
78
86
106
109
107
104
109
110
112
111
113
97
96
106
99
84
83
85
94
85
104
96
100
103
115
117
110
107
114
124
121
117
116
114
110
115
122
119
111
119
122
116
106
125
121
121
107
107
103
99
96
93
90
96
97
104
92
87
91
88
91
94
102
101
105
99
98
107
98
89
89
85
91
92
93
78
82
78
77
72
63
64
69
75
82
85
81
94
105
103
121
120
126
134
134
128
124
121
114
116
94
98
96
81
85
79
65
74
83
85
84
83
84
93
82
89
93
93
97
104
95
86
86
85
87
82
73
73
64
59
57
62
56
56
53
54
49
52
54
63
61
60
68
83
89
94
102
111
118
124
120
121
116
113
112
101
103
86
83
77
69
67
71
80
88
104
121
133
137
128
133
141
138
151
152
154
145
139
126
121
118
113
106
113
103
108
94
86
75
73
70
65
63
58
69
80
74
73
68
85
99
111
121
120
126
121
123
124
112
110
114
114
96
96
86
91
89
104
102
102
103
110
105
106
112
118
99
106
91
109
89
87
79
84
76
84
94
88
99
108
111
122
116
124
125
130
114
127
120
114
133
125
128
121
115
106
103
103
102
103
92
96
92
76
81
83
85
90
87
85
96
93
92
98
96
96
100
90
79
71
60
65
60
56
56
64
61
67
64
69
82
79
77
80
77
78
88
88
82
82
82
79
71
57
61
61
72
87
89
76
87
84
88
100
108
109
108
107
115
104
96
96
91
84
98
89
74
82
82
101
105
122
122
125
128
142
160
149
155
160
156
162
145
141
132
134
132
133
118
96
122
126
121
117
132
135
144
139
137
127
129
135
139
111
111
106
99
86
83
82
82
83
86
82
79
77
84
74
74
79
75
71
77
80
88
94
115
113
130
124
132
136
140
134
141
126
114
109
106
85
87
68
75
75
89
79
76
73
84
98
99
104
102
108
109
112
104
100
100
99
103
105
98
97
91
97
88
108
98
100
88
95
104
102
96
97
107
120
115
122
111
111
115
116
127
127
142
140
138
123
117
127
120
118
124
125
139
126
118
99
101
100
102
91
84
88
82
74
77
61
62
85
101
114
119
120
130
142
140
145
145
138
139
140
127
133
114
102
99
97
85
102
98
112
120
126
122
126
118
124
135
139
141
135
122
124
115
105
104
112
100
88
83
87
83
80
84
84
87
89
89
88
78
90
87
85
92
100
123
127
141
136
144
164
160
163
164
170
173
161
174
145
142
124
130
116
104
101
119
128
151
166
167
146
159
155
157
153
155
156
166
151
127
112
98
87
88
94
100
101
106
105
96
92
90
90
82
79
84
95
79
74
85
81
92
93
110
108
116
116
113
129
128
127
130
129
130
134
132
115
121
124
122
130
122
114
116
125
123
126
108
123
123
123
118
117
111
115
116
123
119
109
109
123
117
123
139
144
145
150
143
152
141
140
151
149
149
159
155
133
133
140
145
137
124
137
140
130
138
147
141
143
145
134
133
124
126
129
116
108
107
95
89
84
84
81
86
84
83
87
87
89
84
104
112
104
99
94
99
102
122
122
117
114
122
123
114
110
107
105
124
131
132
112
121
123
139
146
145
132
132
137
135
113
112
104
98
90
108
107
91
105
116
142
134
158
157
146
146
155
181
166
167
174
166
169
139
140
143
147
164
164
163
144
174
160
165
161
180
185
196
172
177
166
186
178
175
139
150
139
142
124
119
114
124
120
121
108
116
111
109
100
102
98
85
86
82
87
92
84
97
90
119
125
125
129
128
131
128
131
118
114
123
115
122
100
114
121
123
127
126
130
137
144
150
145
132
127
121
105
96
99
98
101
107
106
94
83
81
87
94
124
125
124
116
114
114
112
106
119
128
133
126
123
109
108
119
128
149
153
167
177
180
170
165
177
178
169
169
170
180
166
167
148
139
144
147
149
140
131
133
131
130
113
116
120
141
156
138
144
152
173
179
184
183
170
162
157
151
148
137
134
132
135
124
147
132
144
151
161
160
178
178
168
188
189
178
170
144
145
137
136
132
130
105
82
88
80
77
94
98
105
109
104
98
95
97
109
111
103
111
108
112
119
126
138
148
174
172
166
170
169
171
154
183
158
151
137
126
117
102
112
140
136
164
181
188
161
176
171
175
176
176
174
184
157
143
132
111
101
103
110
120
117
123
134
124
104
104
108
105
107
108
125
112
107
113
106
102
109
127
127
121
125
133
158
140
133
136
139
136
131
134
123
129
131
116
109
90
93
100
111
108
105
103
106
104
97
106
103
110
128
137
152
142
137
141
150
143
151
169
167
173
166
164
160
144
155
157
152
153
175
173
161
161
161
169
153
143
139
128
125
137
147
125
117
117
118
123
119
122
119
120
108
104
102
104
101
115
120
122
111
109
101
108
106
108
121
119
101
103
92
81
79
102
106
105
101
109
107
103
107
103
104
132
137
138
130
136
136
149
161
167
157
154
166
166
138
145
147
146
142
169
177
155
165
166
190
187
204
200
187
175
176
195
172
167
179
169
177
147
150
162
166
184
190
187
158
185
166
163
157
176
183
175
145
153
144
165
163
176
143
165
155
161
138
132
135
150
139
138
114
109
95
108
96
104
98
99
113
119
118
131
130
155
154
192
188
180
185
196
193
179
165
153
157
158
131
130
112
120
133
125
113
113
116
128
125
123
123
124
133
115
100
89
91
98
103
111
118
116
104
102
100
108
141
153
153
150
149
141
137
137
157
164
162
172
165
148
137
153
152
163
174
187
192
189
175
185
190
192
189
196
196
212
201
193
173
170
182
185
172
167
166
167
157
143
132
133
155
174
171
142
147
152
162
154
168
171
171
166
169
162
159
149
150
152
174
159
176
146
161
169
174
177
180
189
188
210
212
192
194
173
174
157
145
147
146
128
99
101
87
91
109
110
115
123
134
133
125
116
132
135
127
140
124
138
144
157
160
159
182
192
199
203
202
206
187
211
180
168
158
147
137
126
128
148
142
156
171
170
152
158
158
150
149
153
156
158
137
123
128
117
117
115
123
136
141
150
154
145
137
134
130
127
121
118
134
120
122
135
133
143
155
160
154
156
170
180
204
187
182
179
175
176
162
151
140
149
152
136
134
113
112
114
116
102
94
102
109
120
115
115
98
88
109
122
143
146
149
162
152
140
135
155
165
167
170
165
166
150
158
159
147
168
190
181
159
147
145
153
143
132
126
112
109
122
120
99
114
121
118
121
109
121
117
112
101
103
108
117
119
119
129
150
151
156
136
148
150
150
160
160
143
141
132
115
108
134
144
142
134
135
137
136
134
131
131
158
158
157
132
139
145
154
173
177
166
155
147
146
126
135
138
154
133
157
156
136
149
148
187
193
224
214
205
191
190
223
201
214
224
203
209
164
164
169
182
207
222
219
188
220
198
206
210
237
256
263
225
217
192
196
181
195
160
189
172
171
135
134
125
154
160
160
150
156
140
151
135
137
143
149
146
163
153
162
166
198
193
221
217
201
212
219
213
206
193
192
183
189
150
153
137
130
137
124
118
133
138
144
125
133
126
129
146
137
138
142
160
161
165
172
169
174
156
169
164
167
204
208
205
191
192
177
160
159
171
189
182
188
187
165
159
161
154
160
164
194
202
199
189
192
212
196
186
191
215
221
216
216
183
192
220
212
209
182
188
194
191
160
155
150
168
190
180
140
140
131
153
139
162
160
160
162
163
164
164
152
154
163
181
172
199
161
180
195
199
200
208
231
232
241
239
228
222
204
215
199
188
188
193
159
115
114
106
105
131
136
136
124
124
120
119
111
126
131
138
153
144
153
159
159
178
183
194
194
194
210
212
206
191
213
185
168
166
154
144
145
156
174
168
182
196
199
178
170
172
171
171
173
168
164
141
116
110
94
99
98
118
121
133
141
142
139
142
142
151
146
140
128
160
134
146
151
152
177
182
182
183
175
191
197
223
205
211
205
192
185
158
159
147
158
165
168
174
147
147
151
159
155
150
161
165
173
159
153
135
125
146
147
157
158
161
174
162
143
133
164
189
182
183
176
188
174
167
159
149
178
195
205
178
159
157
170
179
158
152
166
168
176
169
156
159
160
163
166
154
157
153
152
127
131
122
132
129
142
157
166
163
173
152
153
160
167
184
196
171
176
159
145
133
148
155
158
157
152
145
137
136
147
155
172
173
174
164
158
150
177
202
200
184
180
164
156
134
137
146
166
161
194
184
172
193
192
226
226
254
261
253
240
238
250
232
243
241
219
227
182
182
188
199
222
232
221
206
226
201
206
218
249
261
266
226
209
190
205
191
205
178
206
197
195
166
170
161
191
196
191
166
183
164
182
166
161
152
149
141
167
153
163
168
204
196
221
202
185
187
192
198
191
176
179
164
180
141
145
134
127
136
131
130
131
154
153
137
149
129
132
132
117
122
116
135
133
152
134
130
138
126
143
136
152
188
198
202
192
188
159
153
173
175
187
183
196
181
164
152
157
158
185
192
226
221
218
213
214
236
232
222
222
240
240
219
209
176
184
215
206
206
174
177
182
179
156
149
151
173
190
186
147
158
141
155
142
164
164
168
164
164
161
160
140
151
143
166
176
211
175
191
196
206
210
229
250
259
265
270
260
244
222
239
229
221
228
232
195
157
155
138
127
142
139
125
111
105
105
104
95
111
124
131
142
145
171
179
200
211
229
239
239
233
242
231
226
218
239
199
194
174
175
164
164
156
181
178
189
202
203
182
185
190
211
195
191
190
196
177
156
153
133
134
132
151
147
153
169
168
155
147
140
149
139
132
133
166
140
155
150
159
185
196
201
203
193
224
236
258
245
236
222
214
195
178
173
165
179
180
179
184
159
148
158
174
167
163
156
169
176
173
183
169
154
164
182
189
191
185
204
204
192
193
214
216
199
211
210
201
189
184
187
182
210
206
207
175
165
168
165
162
148
146
143
141
143
133
135
142
145
159
155
153
167
160
163
144
154
142
160
158
170
183
181
188
181
159
164
174
178
197
207
169
163
145
131
117
120
140
152
150
136
129
120
129
153
172
195
204
221
218
224
210
237
266
281
269
253
226
210
175
170
170
183
160
189
181
174
172
162
205
211
250
263
262
254
262
272
263
271
261
248
252
203
203
190
207
223
220
220
220
236
212
202
221
263
269
263
239
219
200
219
193
197
174
204
199
186
146
157
167
202
211
210
198
206
191
193
177
190
187
183
166
178
153
143
144
169
170
186
189
177
165
176
199
198
179
177
174
193
158
161
167
149
155
160
159
147
175
183
176
184
165
167
176
156
159
147
162
154
184
164
158
158
146
167
173
183
212
224
223
214
216
177
176
200
204
221
216
225
203
185
180
205
218
240
236
265
268
260
255
247
272
286
274
267
268
258
236
239
216
221
265
251
253
209
207
213
214
187
176
173
187
196
188
145
159
149
159
145
177
173
184
180
184
182
170
153
165
150
164
171
200
157
163
179
188
185
209
246
244
252
277
266
256
240
264
264
246
256
276
242
193
198
177
155
175
168
149
126
123
119
120
102
104
120
131
151
149
178
191
202
216
227
245
243
247
263
253
239
230
252
199
194
183
181
185
188
190
216
206
218
236
233
224
230
238
255
243
232
235
229
204
194
190
167
157
145
182
179
175
187
182
154
156
145
158
146
143
150
195
156
162
167
179
204
220
206
206
200
228
246
269
251
251
243
240
234
216
210
216
235
230
231
229
199
181
181
202
190
176
167
181
192
175
189
166
158
165
174
193
190
186
189
194
179
167
196
199
195
187
185
180
172
161
169
175
202
205
203
173
154
154
162
161
152
136
130
124
135
117
115
136
138
158
160
166
187
186
200
187
195
171
199
193
197
202
210
213
198
173
172
172
188
218
235
203
202
194
193
162
165
181
189
190
183
164
149
164
183
195
213
217
228
230
243
233
243
260
278
264
243
215
212
183
181
194
201
170
198
217
216
211
202
246
248
277
272
276
265
262
283
276
272
259
247
248
203
217
195
216
223
223
220
216
224
203
197
221
256
248
231
218
198
181
197
188
188
181
219
225
201
170
196
213
233
256
255
251
254
237
233
213
212
219
223
206
217
201
173
176
197
200
215
222
208
207
217
232
226
200
211
225
245
200
207
217
198
195
189
184
174
188
195
174
175
149
150
152
140
139
131
158
157
190
183
186
196
192
214
237
253
269
269
269
238
233
190
185
193
186
199
201
203
173
163
166
193
221
250
255
291
302
300
298
298
316
333
319
313
305
295
267
256
239
237
284
262
239
204
197
203
214
199
187
193
215
213
216
170
187
188
180
172
197
190
190
188
190
187
176
156
168
152
169
178
201
170
173
194
202
189
213
251
255
252
275
262
263
261
272
272
260
278
309
267
218
210
200
179
202
189
172
158
152
141
133
115
119
146
163
186
189
210
234
230
247
254
278
280
274
288
259
250
247
267
219
210
201
188
206
209
212
243
239
256
263
262
251
268
266
294
287
269
268
269
240
235
230
213
195
184
210
218
204
219
210
186
175
163
161
154
147
151
196
166
162
165
177
201
215
206
208
200
232
251
285
260
252
245
245
241
233
225
217
231
232
228
226
185
165
160
191
187
166
155
166
178
166
181
148
134
145
174
203
185
173
174
169
156
153
189
193
199
212
208
189
182
179
177
181
211
211
219
180
165
167
163
163
162
142
137
137
152
137
133
155
155
168
178
185
206
195
203
192
212
196
233
228
212
230
244
243
228
200
198
201
222
240
251
198
196
197
198
170
173
198
206
204
192
176
158
179
200
223
239
235
239
228
227
221
239
256
276
278
248
239
222
198
187
207
206
189
206
222
227
213
204
251
239
269
255
260
239
252
266
276
267
241
229
222
173
196
181
210
229
234
228
225
223
199
199
223
255
251
229
217
188
161
185
180
178
165
218
226
207
175
195
202
215
241
241
241
251
232
241
211
224
222
228
206
222
216
196
205
216
201
217
221
209
199
221
251
267
245
249
247
260
216
226
229
214
219
209
192
170
175
183
168
186
171
172
168
159
158
150
191
199
233
239
246
252
244
262
282
312
320
325
316
275
264
216
191
181
172
177
175
185
149
147
136
165
184
225
241
272
301
303
316
316
335
351
335
337
323
313
269
252
240
226
271
238
214
173
163
178
183
170
167
175
192
198
215
168
186
190
181
173
198
205
213
221
224
221
200
186
203
187
214
230
258
236
222
240
241
227
256
301
299
290
321
304
289
290
281
285
276
291
319
278
233
215
209
186
210
213
187
182
174
168
167
146
147
173
188
219
210
218
233
229
242
259
281
271
264
273
252
246
243
263
217
205
204
193
199
193
201
233
237
256
273
261
252
278
278
305
303
291
293
290
272
264
257
234
218
212
231
228
226
235
226
214
218
203
201
193
197
193
238
204
210
206
211
227
227
201
200
192
209
215
254
235
240
240
233
244
244
236
244
258
265
260
255
223
197
180
220
214
188
171
185
187
183
187
161
154
148
173
201
162
165
165
167
157
150
192
215
222
233
246
236
240
240
236
237
278
274
278
229
193
193
188
182
165
138
135
132
151
122
124
159
158
185
190
199
222
219
229
221
233
215
241
236
212
223
228
239
234
212
210
205
220
245
262
226
223
238
236
205
203
213
218
223
224
216
199
210
218
222
228
232
239
221
228
221
232
250
270
266
235
232
235
210
210
229
230
200
220
236
234
205
189
236
229
264
255
255
239
252
273
276
262
243
241
240
194
216
194
215
235
239
236
231
220
212
213
242
263
260
237
215
201
168
195
184
197
193
234
235
219
194
219
231
254
264
270
275
285
257
258
238
249
235
251
225
241
238
227
238
236
233
239
250
232
214
241
257
269
244
249
240
252
217
232
242
215
223
227
212
199
200
195
177
203
175
173
155
138
149
143
172
192
217
242
272
284
266
293
305
338
359
376
370
347
323
284
255
235
217
216
197
213
183
167
146
172
174
207
230
246
272
285
305
310
315
330
324
323
305
310
274
256
249
222
254
224
213
199
184
202
204
190
171
175
179
195
237
199
223
223
207
196
227
246
253
258
272
278
250
221
231
219
245
256
279
248
226
251
246
231
265
305
304
300
322
304
282
292
278
287
269
304
334
281
248
237
225
198
229
245
217
215
206
192
178
147
149
173
186
206
198
196
195
193
213
224
261
258
258
265
251
232
240
251
209
210
211
190
190
175
189
215
221
228
254
240
235
271
271
298
300
297
304
284
277
267
262
232
222
235
237
230
227
230
233
216
234
212
219
212
231
225
243
218
211
209
215
221
230
199
205
205
221
212
243
232
239
257
239
250
249
237
241
240
230
225
231
197
184
172
199
207
187
167
183
200
194
201
177
175
179
205
225
201
194
201
204
185
183
225
249
248
247
255
225
229
226
237
234
269
266
255
227
198
195
191
194
189
161
148
132
146
116
125
160
156
177
194
204
217
218
236
240
250
233
275
279
257
250
249
252
241
221
219
207
214
233
258
222
205
220
227
209
217
231
239
235
228
225
218
214
221
239
231
240
240
212
227
216
226
251
264
255
235
222
202
183
167
190
199
169
182
203
202
181
171
226
223
262
261
275
255
271
275
283
255
238
233
232
170
189
161
192
212
220
212
222
215
226
227
267
299
312
289
293
271
237
271
258
272
275
324
329
289
260
263
278
276
278
275
283
303
272
277
253
270
269
280
267
282
285
291
309
291
283
298
296
259
233
248
265
273
243
260
242
246
203
209
209
188
207
203
204
193
190
197
171
183
160
167
153
144
160
156
198
209
234
268
283
295
292
317
328
361
384
400
407
370
348
304
268
247
240
248
226
238
213
184
160
161
176
207
230
242
280
279
287
307
328
333
331
327
316
314
279
267
262
243
273
242
224
193
183
197
195
181
161
161
156
172
199
166
180
180
161
150
176
199
217
230
242
253
228
201
219
227
251
275
285
266
238
244
231
216
251
280
270
257
266
252
240
268
249
258
248
288
324
280
273
277
272
245
286
287
252
249
250
236
217
187
190
195
198
217
221
210
210
209
246
248
290
284
283
282
278
264
274
283
237
235
237
211
214
191
206
238
235
242
269
250
240
264
273
302
295
284
295
287
265
258
239
208
204
221
228
212
199
206
209
196
194
190
202
205
216
204
219
208
220
237
248
273
275
258
250
247
273
264
300
286
284
282
250
252
230
229
225
227
221
205
213
185
175
168
203
209
191
185
193
215
214
224
202
218
211
230
247
213
205
209
206
188
183
224
241
238
215
229
211
215
220
232
229
274
271
256
225
203
208
206
201
188
156
150
144
155
124
135
181
182
200
218
243
269
272
300
307
301
284
314
316
287
284
281
272
251
217
216
189
187
214
254
227
221
242
240
213
232
250
260
257
257
256
250
242
249
248
238
253
261
227
231
218
225
242
264
249
222
197
187
162
142
167
186
170
187
209
219
189
184
249
259
302
305
322
287
286
280
275
243
233
226
230
158
172
128
162
181
205
208
225
231
250
245
279
307
307
288
293
262
236
260
245
263
269
311
309
274
254
264
274
274
283
282
292
312
276
266
247
274
274
276
267
278
295
293
304
293
289
312
322
282
257
270
279
298
274
276
265
280
237
247
239
230
250
241
256
254
242
254
240
246
211
224
196
178
192
182
234
240
265
291
312
312
324
350
338
382
415
413
425
375
342
296
263
233
231
233
216
246
210
183
164
167
172
206
228
245
285
294
294
301
311
327
336
340
323
341
307
305
310
295
312
293
279
258
228
232
219
216
190
190
180
185
200
174
168
175
154
162
187
215
213
210
236
251
238
216
238
264
280
300
308
280
263
288
288
260
285
299
279
259
259
237
228
250
235
237
218
250
296
255
245
250
254
232
285
283
257
254
246
244
232
185
197
212
229
251
258
244
245
244
276
295
327
330
333
322
313
289
291
291
248
261
251
235
231
211
218
259
251
261
284
256
253
276
257
299
287
268
280
258
230
225
210
187
178
196
206
206
170
182
185
163
178
185
198
196
207
209
218
205
211
242
245
272
277
262
244
247
263
251
279
260
243
246
219
226
205
221
223
223
227
218
229
212
213
209
233
246
229
224
214
221
218
220
195
211
200
214
243
214
198
211
215
198
199
240
241
241
219
230
215
207
217
230
215
261
257
253
225
222
227
223
216
206
184
167
159
184
148
157
192
196
207
228
245
276
269
302
312
304
279
300
304
261
258
250
248
243
219
218
187
195
233
257
238
239
263
257
242
254
253
254
261
272
266
252
262
274
259
267
288
284
250
266
261
265
267
289
271
238
213
221
183
163
187
201
186
182
193
210
180
171
241
245
292
297
298
269
272
268
278
262
247
250
258
187
196
143
178
204
227
234
238
234
248
241
265
280
277
259
258
229
206
228
205
230
245
288
291
257
250
247
260
268
289
291
306
331
300
287
272
296
296
298
300
314
330
330
342
332
326
348
370
324
304
311
329
349
327
335
311
332
287
291
292
265
286
274
293
284
278
287
260
266
216
236
214
184
210
194
237
250
280
300
323
338
353
375
352
399
448
456
477
432
395
342
314
277
258
257
250
279
245
205
172
173
180
214
239
245
276
292
286
284
299
311
319
324
312
338
303
302
315
317
323
312
310
281
255
258
245
233
204
212
192
197
210
193
194
196
180
180
214
246
249
249
262
278
263
230
261
288
298
325
332
285
267
279
275
258
279
297
295
265
255
239
238
274
272
265
261
299
348
318
302
291
304
275
319
294
268
265
267
260
237
182
179
189
201
220
238
235
237
221
248
261
293
304
306
318
312
305
313
310
263
283
279
266
257
229
229
272
250
256
280
249
244
278
264
302
289
279
295
268
248
245
237
208
192
202
200
198
172
188
192
181
195
178
190
187
191
193
209
201
212
237
244
277
269
264
256
251
252
247
278
267
249
241
218
206
170
203
206
211
225
223
241
207
195
200
230
243
243
240
225
230
228
217
201
202
203
227
245
224
214
216
214
188
183
228
242
241
224
233
223
218
222
229
219
287
286
277
246
250
257
259
252
232
209
195
173
192
151
161
215
214
220
244
256
288
282
303
314
319
299
304
313
271
272
262
251
257
237
237
222
235
261
284
271
275
277
261
238
256
257
263
283
283
264
263
284
295
276
296
317
319
280
290
285
274
286
305
289
246
221
217
184
170
194
208
184
176
183
204
175
160
225
225
276
282
287
260
270
270
285
283
254
257
266
209
223
177
206
229
256
256
254
249
256
263
290
302
298
285
289
255
236
251
241
275
284
324
328
303
293
285
293
291
315
307
321
332
296
288
271
293
288
292
293
303
311
305
329
322
325
352
367
322
303
313
330
356
336
339
316
335
286
287
278
267
288
280
288
273
259
276
267
269
217
246
235
216
221
203
230
246
280
297
315
327
349
363
338
377
425
436
462
422
390
345
316
278
261
259
255
274
234
193
161
152
153
179
212
220
257
277
262
267
292
308
307
311
315
347
317
309
318
311
313
310
295
257
225
233
225
201
175
187
156
176
194
185
186
188
180
180
215
239
241
243
248
269
242
211
227
252
276
309
324
286
281
299
287
286
322
350
345
311
314
295
293
332
318
309
301
339
376
344
321
315
336
305
346
313
276
274
278
272
248
198
183
187
186
201
215
215
230
215
241
241
263
274
269
292
287
292
304
287
246
256
262
240
228
213
204
248
232
252
267
243
241
278
272
309
305
301
316
300
278
260
236
212
196
203
187
181
151
175
178
169
172
161
173
181
188
187
207
195
203
227
215
265
255
260
249
240
236
238
264
249
236
230
198
193
153
194
202
200
222
229
226
202
206
220
242
268
262
255
231
229
230
212
194
220
224
239
252
239
216
238
232
209
202
244
261
257
223
228
224
219
226
238
217
282
280
271
251
255
260
266
250
236
218
197
182
199
158
165
211
200
192
231
241
273
272
289
294
305
289
305
310
286
296
296
276
284
266
258
237
252
274
308
289
304
297
284
271
278
281
287
307
309
293
272
275
285
256
292
302
296
262
266
251
233
254
280
266
236
204
207
157
142
175
181
155
156
167
185
160
158
219
237
287
304
317
287
291
300
309
298
267
255
255
194
190
150
178
199
216
229
228
229
241
243
268
286
277
277
270
243
232
258
244
282
285
323
336
315
296
303
310
315
330
317
329
351
310
311
302
320
332
351
345
344
356
346
363
355
352
380
396
355
334
321
340
363
348
349
326
357
312
309
294
272
286
272
274
256
252
275
273
272
210
222
210
192
204
200
244
287
324
336
345
345
385
393
386
422
462
468
481
437
392
346
322
297
289
269
269
276
245
203
174
159
163
183
211
216
245
253
233
228
260
277
284
280
289
306
289
292
301
298
309
308
318
279
251
264
267
256
243
256
222
247
245
235
243
242
236
236
258
293
292
281
270
273
239
227
229
270
278
307
312
269
249
247
241
257
309
329
325
302
299
287
284
334
342
346
343
380
405
374
357
343
363
318
371
345
300
295
286
290
268
223
201
212
211
226
252
240
247
234
251
254
272
273
265
286
270
281
298
278
237
256
264
247
232
214
222
271
265
298
322
296
291
331
321
356
359
360
369
345
322
304
258
228
216
221
205
205
165
176
175
178
188
167
166
177
177
168
176
151
148
168
165
204
201
195
196
192
198
199
220
220
217
211
200
188
153
183
197
191
216
222
212
195
194
204
222
243
241
241
205
192
194
178
164
210
214
232
256
245
219
250
245
235
249
288
305
312
271
268
258
244
261
276
245
316
319
300
280
282
268
274
267
251
240
210
191
195
147
152
184
177
161
196
196
229
223
242
248
252
250
265
271
256
270
275
272
286
260
271
253
274
294
324
313
319
311
296
284
285
295
295
303
296
269
263
259
252
229
268
275
278
254
247
253
239
254
296
276
248
230
244
201
187
210
202
178
167
183
212
165
166
238
242
287
296
312
284
294
298
312
296
267
270
277
210
212
169
192
219
220
241
258
257
278
263
288
292
293
302
287
258
236
282
264
294
293
337
365
343
329
329
333
341
361
350
352
365
317
309
280
290
310
328
332
333
335
329
337
341
340
368
387
349
340
323
352
353
337
343
319
358
307
300
280
267
293
266
276
244
237
261
269
269
212
221
210
196
214
188
235
261
302
342
346
338
380
387
378
421
455
453
475
425
393
345
307
282
286
256
259
275
242
206
176
156
165
165
192
198
234
228
223
217
257
275
291
289
307
324
317
324
340
318
325
326
334
278
254
250
255
237
231
248
209
226
238
247
240
232
223
219
263
287
296
285
283
295
249
239
236
271
284
324
325
281
285
281
272
276
315
342
338
310
319
297
290
352
347
348
343
386
422
400
385
367
379
336
389
366
301
303
294
299
283
237
227
249
250
274
299
291
299
294
309
298
317
312
300
308
288
297
316
289
245
265
283
260
253
231
230
276
268
295
314
284
285
334
324
355
355
349
360
341
310
304
269
249
251
255
232
227
196
215
214
213
215
201
192
188
179
157
172
163
159
173
165
208
220
228
227
224
231
242
266
258
245
237
224
226
191
213
217
216
233
249
239
228
221
239
270
298
284
284
239
239
249
234
217
269
251
271
282
256
215
247
247
243
242
274
299
317
260
271
265
256
279
288
260
326
324
310
271
266
239
255
245
233
217
177
165
162
104
120
142
154
142
175
159
188
185
208
208
210
215
230
236
227
228
235
234
262
240
237
220
257
275
291
287
293
282
275
252
264
278
283
296
299
277
274
283
270
242
289
296
304
274
269
270
256
253
274
259
238
227
242
192
179
199
188
158
155
171
206
172
172
231
231
274
287
300
277
290
289
306
300
272
272
290
230
240
207
227
254
254
272
286
280
296
277
298
286
282
280
268
242
227
286
268
303
310
365
406
395
383
381
389
384
409
400
393
404
362
353
312
310
320
329
352
351
357
350
347
345
340
361
381
346
339
323
365
351
336
333
312
348
294
294
281
248
271
241
255
217
222
247
264
268
226
247
246
229
246
220
264
294
325
356
362
360
396
396
390
409
429
444
480
449
421
387
348
322
328
284
293
305
287
272
239
215
217
206
218
232
254
236
239
228
261
281
297
297
298
309
307
328
337
338
343
344
345
284
258
244
241
231
238
260
234
242
245
252
243
232
240
235
287
300
311
274
268
271
241
237
242
285
302
329
341
292
319
309
319
335
362
377
355
326
328
313
311
355
351
349
346
378
409
380
370
366
367
335
389
371
319
319
300
316
306
247
253
270
266
301
318
307
314
305
324
319
332
331
324
333
307
322
338
311
265
272
277
259
258
243
239
279
265
293
307
284
284
337
331
370
362
348
345
335
296
286
254
240
234
245
226
235
210
231
230
222
214
209
208
211
204
182
199
190
173
181
176
223
248
249
253
244
257
264
301
270
254
248
236
232
191
217
231
239
253
263
263
237
254
280
306
331
316
323
273
275
275
263
250
301
289
311
316
298
253
282
277
278
268
299
324
331
274
280
256
245
261
271
251
317
314
299
261
259
248
257
256
253
224
197
185
177
124
135
155
162
156
182
169
184
177
217
212
222
233
249
255
245
261
261
260
274
273
272
251
289
308
304
302
313
308
301
285
299
315
312
327
323
284
274
308
297
264
317
299
306
258
249
239
222
222
258
242
205
188
190
139
140
167
175
156
157
181
209
174
187
253
247
298
310
315
278
279
278
299
277
265
266
266
211
234
212
228
258
263
280
289
287
301
278
287
279
273
251
231
198
194
250
241
284
277
346
381
391
392
393
410
398
427
423
431
440
389
403
360
355
361
358
372
375
379
380
369
341
339
378
376
345
344
316
360
344
334
344
324
347
310
295
276
256
268
230
240
205
225
236
246
259
223
241
264
245
267
241
300
334
369
384
393
383
408
406
395
414
442
459
508
457
435
386
359
339
359
314
335
352
314
288
247
212
216
217
231
239
263
243
251
225
264
282
292
283
276
300
289
310
317
306
304
309
319
263
246
231
238
234
238
253
242
257
263
291
277
272
275
276
333
339
349
312
308
296
260
258
239
273
275
285
280
221
250
255
275
284
316
325
316
303
310
308
316
373
388
388
377
393
433
411
410
401
408
370
416
393
347
331
310
324
328
277
271
284
274
293
315
318
344
326
349
348
358
349
340
349
322
337
360
342
298
286
290
276
280
274
270
297
284
317
315
299
287
332
333
368
356
337
322
317
284
273
235
233
212
230
206
216
190
215
220
210
193
196
202
208
205
190
215
219
201
215
217
252
287
289
280
274
298
307
351
314
291
281
267
248
203
229
256
271
286
284
290
259
280
300
340
361
355
365
316
316
314
301
295
349
336
349
360
331
293
314
302
303
283
310
337
348
285
291
263
250
254
254
240
314
310
294
263
263
238
248
244
245
219
206
207
206
153
160
188
185
175
200
188
201
197
222
221
226
230
254
262
246
274
269
272
287
283
275
273
294
319
310
307
322
311
304
303
315
315
315
331
308
281
263
304
275
236
284
261
257
212
196
186
179
195
222
215
175
175
183
144
142
159
166
153
165
182
194
167
169
235
225
270
273
289
263
253
260
271
249
254
261
278
228
236
218
237
269
272
309
322
312
325
299
293
272
264
266
231
202
190
237
215
247
247
324
355
377
391
400
411
412
441
435
453
467
418
439
378
387
378
360
361
371
372
363
343
312
313
357
343
329
322
313
367
356
341
349
331
376
338
319
302
287
285
239
247
199
217
215
231
265
210
232
253
237
254
236
291
314
364
380
399
388
398
405
404
432
456
486
529
474
451
404
380
369
403
365
382
381
344
326
291
267
275
287
295
310
314
265
267
248
294
300
304
288
269
294
283
304
304
291
295
298
301
248
241
225
230
232
249
272
268
287
289
327
315
307
303
296
350
341
355
316
300
286
245
247
218
255
256
272
274
214
260
261
271
283
298
306
310
311
320
324
329
382
397
394
386
409
439
420
413
408
399
353
394
382
346
332
316
323
315
257
259
265
246
270
293
300
315
282
308
301
313
314
320
328
321
334
362
349
297
278
278
258
259
255
240
276
259
294
300
283
273
326
336
387
381
358
343
335
295
286
241
251
233
258
245
244
213
238
248
240
242
236
236
235
207
189
201
205
189
211
204
228
257
241
239
248
275
301
355
314
293
292
277
256
228
264
292
307
309
311
311
273
300
308
338
357
357
365
312
313
305
300
290
335
320
328
343
334
290
297
288
281
282
316
340
342
290
298
279
257
253
254
263
318
320
293
264
270
247
248
238
235
211
195
194
184
145
155
177
177
166
199
191
218
213
248
247
256
264
289
305
299
313
295
287
302
294
296
288
309
326
312
314
323
304
306
302
324
326
312
322
301
281
263
314
278
239
279
255
272
230
214
216
215
234
252
256
204
198
199
175
172
181
178
166
164
184
191
166
156
220
225
263
252
275
246
244
261
277
238
241
255
275
231
235
229
254
273
278
324
322
307
318
287
275
265
268
272
245
216
209
250
212
249
272
359
402
421
432
418
419
410
452
450
463
470
417
429
370
371
371
346
353
364
373
356
337
319
336
394
382
353
344
331
390
384
372
363
344
381
344
337
303
290
300
265
268
212
221
214
239
267
215
238
248
241
255
236
279
313
367
389
410
406
422
431
418
442
470
482
526
490
456
399
377
360
395
355
364
365
336
308
272
240
231
258
279
302
317
265
261
251
316
316
330
329
319
351
322
340
341
316
320
328
337
285
276
245
259
260
266
303
298
313
322
352
338
323
306
299
357
348
366
338
310
305
266
272
251
299
297
324
321
276
311
302
308
323
332
320
326
322
321
332
321
378
379
380
388
423
457
431
431
415
406
367
390
387
354
348
317
314
300
236
239
259
247
269
293
310
313
282
308
314
320
324
334
336
314
321
347
337
290
282
285
257
256
258
225
267
252
299
300
273
251
296
307
363
361
340
331
335
288
290
241
270
259
279
273
270
224
252
262
250
258
254
262
262
226
214
237
233
208
235
231
264
276
252
250
247
275
295
358
314
296
300
281
258
223
270
290
294
294
308
303
251
286
296
326
345
343
335
295
301
311
310
276
333
332
334
361
358
315
320
332
307
318
343
352
359
293
290
265
227
219
223
230
286
288
251
214
231
214
224
225
236
225
201
197
196
142
164
200
211
201
225
209
233
216
245
254
269
268
298
309
301
301
278
279
302
295
303
298
312
333
329
333
339
314
322
328
355
357
343
350
330
319
295
338
308
268
304
283
293
247
242
227
228
246
259
256
205
193
198
174
183
194
198
181
191
206
207
181
181
241
235
266
260
274
247
241
244
253
218
233
242
250
216
229
239
268
286
287
332
353
341
346
314
305
308
304
315
280
243
241
290
249
272
299
394
423
447
454
439
424
422
460
458
473
479
429
445
370
371
365
340
346
375
380
375
347
319
331
398
392
375
379
367
431
431
411
411
385
418
384
381
345
317
343
307
310
245
252
246
247
278
245
257
265
246
268
240
277
312
378
401
416
419
428
426
429
453
486
497
539
491
452
387
372
350
389
350
364
358
327
302
258
225
228
256
282
291
319
269
263
257
316
319
328
324
308
327
297
306
305
276
283
302
312
262
248
223
235
251
272
313
308
327
340
361
342
317
296
298
351
353
372
329
302
302
259
259
240
299
309
345
344
302
339
321
344
367
369
374
375
369
355
350
336
388
384
375
372
410
436
408
393
387
383
345
377
377
339
332
308
321
306
247
254
266
258
283
307
329
329
301
337
341
341
337
339
345
341
339
358
345
288
286
299
261
266
261
223
281
265
302
308
289
270
310
313
363
365
336
331
328
268
264
221
251
224
238
235
241
194
223
235
226
250
247
266
260
223
225
253
245
232
258
254
285
293
268
269
261
290
302
363
320
301
292
277
250
217
273
299
298
303
321
331
269
296
312
336
342
344
344
305
291
303
302
276
321
333
329
343
348
315
311
319
291
305
316
313
309
248
244
223
204
194
194
209
269
268
248
226
254
247
247
246
269
258
233
232
228
170
187
211
213
192
207
204
239
216
255
265
270
269
299
313
298
306
286
294
311
289
293
264
265
294
286
291
300
286
296
302
315
320
305
328
329
323
296
346
301
260
301
279
300
261
248
238
225
238
251
250
213
215
212
181
180
173
170
169
171
189
173
155
160
211
202
242
250
263
249
261
250
273
240
274
285
294
257
268
274
289
316
312
342
364
339
348
310
306
314
309
318
283
246
253
295
253
293
330
417
446
459
468
451
433
437
489
468
488
492
435
451
373
376
361
334
347
384
390
371
354
330
349
404
388
383
378
387
435
440
413
412
379
410
377
364
343
317
338
315
301
243
239
238
244
285
245
253
273
256
295
260
295
337
398
410
426
410
425
426
442
456
486
474
533
484
458
398
394
369
408
376
399
377
348
314
283
235
233
240
271
275
300
250
233
222
276
277
283
281
271
290
271
288
287
266
277
306
313
274
283
271
287
299
315
360
342
367
373
401
374
368
355
331
369
369
385
346
305
308
263
271
250
292
280
301
300
271
304
276
307
350
340
357
347
329
334
336
337
403
395
387
395
431
442
437
417
406
410
362
390
378
331
319
291
301
282
225
221
235
235
254
272
302
303
280
313
318
327
308
318
318
312
312
340
340
288
288
301
270
279
274
253
299
304
336
342
323
307
340
339
388
389
361
349
349
287
273
228
248
219
225
228
235
191
208
216
224
241
239
264
263
240
258
291
289
277
310
326
355
340
321
324
303
323
331
374
340
307
292
273
244
212
271
304
306
313
337
349
291
296
315
345
348
345
351
316
288
287
280
239
274
275
275
288
303
269
270
271
249
255
273
275
288
239
243
229
205
201
209
220
280
273
264
249
290
270
269
278
289
282
247
240
238
188
211
235
241
199
213
209
224
213
258
253
262
247
260
268
257
269
262
281
303
283
288
265
263
291
295
310
331
311
301
304
330
339
328
345
340
349
329
369
336
290
337
335
340
302
277
274
260
271
292
275
241
227
224
188
182
192
173
170
179
200
183
162
179
243
237
275
286
306
289
315
307
326
298
330
338
336
289
298
310
319
339
334
367
381
354
364
323
307
318
316
320
276
248
240
279
225
268
314
395
428
457
472
446
446
459
502
501
521
516
458
458
391
393
375
336
359
382
374
359
338
307
326
388
387
372
370
375
419
420
409
421
387
421
411
409
398
358
373
341
329
289
283
281
286
326
289
286
310
287
327
297
333
361
410
412
414
406
419
406
418
419
441
443
501
460
444
392
405
381
407
376
398
390
362
340
291
244
240
250
265
273
303
253
234
221
261
270
269
280
270
281
260
288
271
246
254
290
311
282
282
269
273
279
305
356
345
381
393
417
390
387
357
339
387
389
414
374
326
315
266
273
260
297
275
320
319
272
304
274
290
332
330
351
333
319
333
331
323
389
392
389
407
462
486
471
446
442
450
388
409
401
356
339
313
314
280
219
230
249
255
278
307
345
338
317
366
383
392
388
398
389
378
374
385
374
329
322
329
283
275
277
255
306
303
329
327
308
289
313
316
362
371
347
320
312
243
241
200
217
195
206
211
222
182
185
193
204
218
224
243
252
231
251
276
273
252
283
300
325
316
316
318
300
302
320
356
336
313
310
293
269
234
303
319
311
323
362
369
308
318
333
359
363
360
388
342
309
311
294
257
290
306
297
306
322
285
294
277
263
271
278
289
287
245
249
243
223
217
219
227
294
278
289
280
315
304
291
287
279
267
235
234
234
181
201
213
219
189
208
217
235
242
288
287
303
285
301
318
306
327
314
322
336
321
315
289
290
298
295
300
319
298
277
285
325
344
329
338
326
324
319
357
335
284
338
340
340
298
271
266
278
307
335
325
288
262
257
218
217
214
192
184
190
187
161
131
143
222
223
263
273
287
279
303
296
308
292
326
349
354
307
308
321
332
354
354
385
405
395
397
344
318
321
309
326
274
242
230
268
213
249
297
383
436
461
479
469
456
475
524
522
528
526
472
450
390
388
375
328
343
374
366
344
318
296
328
386
396
375
368
366
408
417
397
421
397
439
434
417
415
389
413
382
371
340
329
322
324
363
329
323
345
310
329
296
329
357
402
396
409
393
405
399
416
434
464
482
539
497
486
431
447
429
457
430
452
433
394
365
311
262
258
266
298
302
338
290
267
235
272
287
292
300
292
300
277
287
281
247
263
283
316
296
286
261
269
276
317
367
371
397
410
415
395
394
376
362
413
416
448
399
356
339
292
300
301
337
316
350
345
299
324
281
291
327
322
340
329
306
328
318
312
372
377
383
398
449
479
465
445
437
452
385
417
418
379
367
322
319
302
241
248
266
279
298
329
361
352
327
375
410
428
426
437
444
440
422
432
411
366
351
370
325
307
316
289
339
324
343
345
337
332
350
346
384
399
380
340
325
260
251
212
226
198
197
202
233
189
176
183
201
223
232
248
248
235
248
282
284
250
296
324
343
337
340
322
311
308
313
347
314
290
290
258
235
206
272
266
281
298
337
348
292
316
325
341
357
362
389
343
323
324
306
277
323
336
322
329
348
310
297
287
275
286
279
296
297
250
254
251
240
239
235
242
299
284
299
294
319
309
288
284
272
249
219
225
232
188
204
207
209
184
207
214
243
249
319
320
335
325
331
335
321
337
316
306
325
300
303
249
236
233
222
239
272
264
254
267
314
331
314
307
295
298
308
360
340
297
347
351
339
312
294
301
327
369
401
380
327
299
285
237
232
232
201
185
181
177
144
110
123
204
213
267
280
303
307
333
323
337
317
349
374
379
332
321
328
333
353
347
382
407
390
393
346
323
328
308
333
272
257
241
291
226
261
318
394
450
475
480
484
464
474
515
508
490
506
463
439
400
405
392
358
362
390
394
373
358
357
375
429
448
404
401
405
435
449
433
462
445
479
473
466
453
426
459
426
412
401
398
397
389
412
373
370
388
360
378
356
388
420
446
432
443
422
450
451
458
467
491
500
552
511
488
445
453
424
450
425
445
424
380
355
305
247
237
251
268
278
326
288
263
241
287
304
300
301
301
312
289
306
311
278
289
300
326
311
309
302
321
323
365
414
436
449
439
445
423
418
382
368
407
418
453
401
361
333
290
325
339
377
369
404
392
347
354
319
326
351
336
349
316
285
293
272
264
334
341
338
332
380
427
426
415
411
422
375
410
409
363
347
310
319
292
221
233
248
267
284
310
340
349
329
378
417
447
458
474
469
476
454
472
450
410
382
386
353
329
321
288
343
327
335
344
343
331
331
334
395
398
397
363
350
276
269
229
234
210
213
234
260
204
195
194
216
233
230
237
234
235
238
274
264
234
273
290
306
290
292
285
296
297
287
321
300
271
281
242
228
205
278
288
304
310
347
361
304
320
341
346
390
397
417
370
355
364
344
313
354
356
339
354
372
322
304
292
282
270
250
263
265
228
246
239
218
209
212
213
273
251
288
297
329
326
302
284
280
255
229
234
240
190
199
184
170
143
168
167
213
215
296
302
310
316
334
355
349
378
359
339
361
325
339
270
267
256
238
246
273
257
236
242
292
312
299
281
275
271
285
336
320
285
345
350
349
322
308
313
346
393
414
395
348
322
302
247
248
244
225
220
213
199
156
132
140
216
212
264
274
290
297
309
288
297
276
308
329
349
299
296
299
308
327
321
359
388
380
381
347
322
313
291
318
267
253
247
293
236
268
326
415
463
480
479
482
457
456
498
491
476
478
431
399
353
354
358
337
347
374
374
357
338
338
360
417
436
395
401
410
449
468
447
482
468
500
496
505
491
472
503
470
442
436
439
446
447
462
422
416
431
413
418
396
431
460
479
450
466
435
460
469
460
455
478
488
530
469
449
400
423
393
417
405
419
416
383
352
311
257
262
267
285
274
315
291
253
229
258
269
250
250
252
268
257
264
291
269
258
265
300
288
291
283
303
310
342
390
432
427
406
432
411
395
365
345
399
402
436
398
351
320
275
306
322
368
357
394
389
332
338
304
294
319
294
307
284
250
257
249
245
308
326
338
336
395
436
431
431
436
448
399
435
427
376
366
325
332
308
250
277
288
297
301
320
344
353
336
383
427
458
456
473
455
469
453
489
473
440
417
419
382
347
331
295
347
337
351
367
358
362
350
349
423
431
444
420
416
343
340
296
287
259
258
291
325
256
234
225
240
254
253
245
247
239
251
272
243
205
252
275
284
268
259
258
279
266
266
290
274
262
270
236
219
200
284
302
316
324
367
386
331
357
368
372
401
420
441
390
379
381
364
325
362
359
335
363
378
334
309
297
278
270
254
255
252
218
243
232
210
203
208
216
269
259
286
288
323
328
300
276
277
245
229
227
222
175
177
173
169
140
163
163
212
206
289
286
296
310
335
349
335
356
343
329
350
302
319
244
248
238
224
229
258
252
229
231
289
300
298
292
284
278
295
330
310
272
323
333
327
290
289
299
333
381
408
390
345
319
305
257
260
262
256
248
243
219
176
150
153
230
227
281
286
307
318
314
291
298
283
310
335
352
311
312
314
317
319
318
363
404
396
390
367
335
336
313
342
286
282
285
322
269
292
345
433
471
481
475
482
466
464
498
492
483
472
424
394
347
349
357
346
346
374
381
375
363
349
389
446
453
416
425
426
446
465
436
466
450
473
484
475
459
446
479
450
439
438
441
445
444
449
405
396
418
417
429
394
442
468
486
459
476
457
490
514
490
486
479
493
545
474
440
389
419
390
411
399
401
402
373
351
308
255
257
269
304
295
333
300
263
251
290
290
268
272
274
290
283
281
307
287
296
299
336
335
338
344
369
383
415
467
513
510
487
492
481
462
416
400
456
450
489
445
387
353
301
340
353
397
382
415
415
361
358
307
304
339
311
327
303
272
279
279
287
349
350
371
372
428
459
454
457
458
472
417
443
434
376
377
335
331
308
262
276
283
290
299
330
348
340
326
377
416
448
441
467
455
473
462
504
486
465
459
467
410
384
388
355
382
379
384
392
372
362
334
324
397
407
421
397
402
330
323
277
265
251
254
295
326
245
232
210
221
239
245
242
247
252
259
289
268
242
285
307
320
301
282
285
316
307
295
328
306
276
285
258
240
228
305
324
337
338
372
392
329
353
370
372
411
420
422
368
351
358
331
299
342
334
306
339
351
303
297
301
304
297
278
286
280
258
276
274
256
237
244
244
292
265
287
285
321
323
280
263
256
222
220
223
220
184
191
205
210
192
209
213
256
261
338
339
352
373
389
387
374
388
359
355
372
329
334
266
251
220
196
200
231
214
190
206
274
279
284
291
281
299
317
362
346
323
379
394
387
347
364
368
384
430
439
440
393
363
344
286
283
287
269
260
260
246
210
184
187
249
248
301
311
318
322
318
290
288
273
284
321
324
289
293
297
291
309
309
353
386
381
374
368
331
340
323
354
300
310
315
356
307
330
388
476
512
524
520
529
499
502
529
527
516
508
456
416
365
357
362
343
325
370
376
382
358
346
375
434
445
411
416
429
443
482
455
479
442
465
457
451
445
446
481
454
433
447
439
444
446
460
421
423
455
434
437
403
450
468
468
444
455
420
457
494
470
453
456
475
525
474
448
415
454
415
451
432
425
417
393
378
334
279
268
267
282
258
311
281
251
237
276
291
265
256
256
262
264
276
309
282
294
294
327
326
331
330
359
379
415
458
497
494
471
468
451
437
402
371
437
428
450
409
362
337
286
329
345
399
378
408
420
367
369
327
340
379
348
364
339
308
317
334
342
399
396
403
404
450
482
473
476
470
482
423
429
420
372
371
351
351
319
268
277
271
285
297
335
368
359
330
389
410
441
447
467
455
481
452
491
473
439
442
464
406
388
391
351
386
388
402
423
399
382
355
337
381
392
403
387
399
328
324
267
257
241
240
291
318
252
236
216
222
226
234
235
254
264
282
321
293
277
329
345
356
336
319
312
335
329
309
338
317
286
284
243
225
211
281
317
344
337
359
369
297
305
324
319
354
363
370
328
300
304
285
259
308
317
309
338
349
318
318
332
327
331
305
318
308
296
296
299
287
279
284
286
328
299
304
294
319
320
272
262
243
206
208
202
198
164
184
209
230
218
234
236
288
292
375
375
391
417
420
408
378
388
367
350
368
319
315
239
224
193
154
160
185
172
145
161
239
237
246
254
248
258
266
315
317
298
373
389
375
337
359
349
380
432
443
451
410
375
364
302
291
302
288
286
301
289
247
225
223
279
275
315
318
336
332
326
297
302
269
273
312
331
306
310
327
319
333
328
372
405
382
378
386
352
339
315
348
289
299
306
360
322
352
410
507
545
548
560
571
529
539
572
573
566
547
475
454
395
380
396
365
345
401
403
407
377
361
399
467
454
431
433
450
480
514
478
504
462
490
489
475
471
487
514
483
447
460
466
471
469
483
440
436
471
451
450
411
466
487
488
458
465
428
468
505
482
460
455
473
523
455
430
390
422
405
440
426
432
421
411
399
362
315
322
331
344
315
344
319
280
255
301
299
275
267
265
275
267
277
315
302
314
316
345
328
325
325
355
378
408
442
481
474
446
453
440
441
415
398
464
448
467
415
381
370
322
365
364
425
390
420
426
378
379
345
366
398
366
381
346
322
327
339
329
385
380
380
375
428
462
438
453
465
475
423
437
434
396
381
375
383
345
291
294
281
292
295
318
355
342
305
373
389
406
414
445
450
476
449
497
490
444
462
499
445
422
425
389
408
418
439
461
445
431
417
400
440
441
466
452
459
402
397
342
315
296
279
319
339
272
257
224
231
242
244
244
251
273
293
326
304
288
335
354
364
347
320
313
328
320
306
322
309
279
282
240
226
215
281
317
344
336
358
369
302
324
332
319
365
375
376
337
317
327
305
285
329
339
331
364
392
351
346
365
358
348
315
324
322
311
308
303
293
274
282
296
347
316
335
333
356
348
306
298
269
235
239
243
230
181
213
227
249
257
279
271
325
348
434
425
429
447
459
429
412
426
392
368
395
350
337
250
245
220
191
183
215
206
181
212
293
281
291
292
291
