0
0
0
0
13
28
32
54
61
76
77
78
82
97
99
105
109
101
91
103
83
90
94
102
113
113
116
125
135
138
150
147
143
151
140
123
115
108
110
102
106
93
93
89
89
84
77
90
94
104
102
98
90
87
95
97
86
95
95
98
82
79
69
76
76
78
74
63
55
67
58
70
73
82
89
92
100
102
110
117
128
144
144
146
142
153
154
149
147
137
139
132
126
118
118
124
131
121
102
96
104
111
107
109
119
116
114
98
95
85
84
86
95
95
92
92
102
93
104
114
122
111
130
129
128
115
125
135
134
127
124
113
102
100
102
90
91
94
99
96
94
95
87
90
102
115
109
109
106
106
120
122
118
112
118
116
113
107
99
107
107
117
120
105
113
97
96
99
114
111
122
137
136
143
131
140
154
151
159
159
161
155
165
147
137
136
125
127
112
113
108
102
104
89
90
88
92
88
86
91
90
99
82
86
90
92
95
92
88
88
84
88
85
89
94
98
91
93
88
91
84
86
81
87
82
84
82
84
88
101
99
94
89
89
83
87
83
82
77
85
74
66
52
52
52
63
76
81
96
107
111
117
120
119
139
142
139
148
140
128
134
113
99
111
118
105
122
111
108
122
123
126
138
128
138
145
133
123
134
112
117
117
109
112
125
113
121
118
116
112
113
105
117
110
109
103
108
96
96
88
102
113
117
116
111
99
93
93
94
76
87
102
119
97
95
100
111
113
124
134
132
145
161
157
142
126
138
133
130
125
125
124
127
137
127
123
116
127
127
129
128
134
133
136
129
125
120
130
130
134
127
128
115
126
113
113
122
125
124
130
117
114
123
117
126
128
112
119
124
121
123
128
131
148
139
125
128
125
133
149
141
138
130
126
111
111
93
96
102
122
118
119
102
115
111
121
131
137
128
128
134
121
99
106
108
112
107
105
105
100
121
117
126
125
149
157
147
134
141
146
144
130
149
142
171
164
158
142
137
149
157
162
160
165
170
145
136
141
155
169
165
178
171
163
148
139
141
146
156
148
131
126
118
134
120
154
168
183
196
198
203
190
207
217
225
222
223
223
198
213
202
188
182
175
176
168
157
137
163
166
166
155
131
126
139
137
130
160
167
157
165
156
145
151
153
165
182
178
189
188
164
148
159
168
159
153
163
160
146
131
127
122
126
125
132
123
117
116
113
109
118
133
154
166
158
168
168
160
166
179
175
177
179
186
180
169
174
182
178
185
192
192
168
161
174
160
151
157
145
134
124
118
121
116
137
153
153
134
133
139
141
158
155
163
173
161
164
128
114
121
121
120
109
124
122
130
129
128
126
127
131
130
143
147
146
148
120
105
93
94
87
96
92
89
96
80
83
88
92
89
88
99
100
98
96
106
113
107
106
117
127
120
125
139
136
147
156
152
144
159
163
161
144
132
127
120
109
103
99
90
104
106
117
137
157
164
177
186
200
205
214
197
217
208
209
185
174
169
191
182
195
181
185
199
229
210
228
223
233
216
204
192
208
197
193
183
181
153
161
154
164
158
166
171
171
154
152
160
162
133
160
171
170
157
181
179
168
161
167
160
156
159
175
148
142
124
150
116
110
111
127
119
128
124
118
129
146
131
147
140
154
158
168
161
172
163
179
206
179
166
164
156
140
138
149
161
159
150
154
150
125
147
143
148
142
137
133
141
124
109
118
118
113
121
102
115
113
110
126
117
108
102
114
115
111
108
102
126
110
106
108
96
98
96
99
105
110
115
113
125
103
109
109
128
146
149
141
149
130
124
148
159
147
146
155
156
139
132
141
140
137
158
146
116
128
132
160
150
190
195
199
191
205
229
213
213
238
232
238
219
225
183
176
157
153
136
116
134
144
127
117
141
137
145
165
180
196
211
215
217
195
184
198
196
175
187
184
181
173
205
190
212
204
214
214
192
196
191
191
181
188
191
161
200
187
203
202
201
208
203
200
185
211
233
229
230
190
189
168
159
164
185
211
200
206
198
158
151
143
147
150
152
169
168
150
120
152
152
148
155
180
178
182
178
188
170
167
162
165
146
144
139
142
143
135
163
184
196
199
210
218
229
231
256
252
238
235
248
221
206
198
221
224
240
231
215
183
175
182
164
167
171
166
152
140
131
130
132
170
194
212
215
215
212
225
232
232
234
235
211
213
194
183
168
161
160
161
156
166
166
170
183
192
185
170
169
179
175
171
157
132
107
114
103
83
73
80
81
89
79
103
109
127
136
139
162
162
165
170
178
189
168
165
174
167
162
158
183
154
167
198
194
182
171
171
176
157
164
154
159
142
164
174
147
143
161
197
244
269
272
300
318
314
303
280
258
270
270
258
220
183
160
170
143
154
171
183
194
215
199
218
214
235
228
238
221
232
213
197
201
198
169
197
178
182
171
172
176
200
202
196
193
189
189
213
218
222
220
226
222
199
177
160
160
177
180
178
154
143
143
146
139
144
145
159
165
161
145
134
142
151
136
149
136
142
143
149
128
132
132
147
160
144
134
140
134
138
131
124
127
148
135
151
158
142
167
175
158
148
151
143
162
153
135
140
124
111
111
103
97
112
126
144
144
138
138
146
159
166
158
160
163
173
166
156
134
146
137
135
140
155
154
151
149
141
135
129
161
175
160
156
170
157
148
166
166
162
164
158
170
136
125
148
147
136
163
158
142
163
163
201
218
244
257
284
280
292
331
310
308
323
312
332
305
295
272
258
239
236
241
229
253
235
214
204
235
214
227
217
220
233
219
203
183
149
151
162
162
134
165
156
169
170
209
209
254
247
242
248
241
241
241
217
226
237
241
204
236
197
232
237
235
241
244
248
237
264
274
272
257
230
258
234
245
249
251
267
245
252
221
192
189
176
171
145
136
128
132
125
111
126
138
139
131
159
169
174
174
173
168
154
143
146
138
136
132
139
123
125
168
187
195
200
222
226
241
249
272
286
286
294
308
278
284
287
313
316
356
345
341
303
275
277
259
242
249
235
238
217
195
169
173
182
220
244
257
249
250
258
273
265
269
266
256
249
243
219
217
197
200
215
198
211
207
211
223
232
230
236
247
228
238
240
224
219
173
191
181
184
173
165
147
147
157
160
157
148
140
155
167
181
174
175
204
213
189
176
188
206
210
206
220
212
202
235
240
211
195
196
203
175
178
179
191
171
173
192
157
164
198
223
266
292
305
314
331
324
316
294
276
286
287
257
240
198
164
176
147
159
169
181
180
182
166
172
170
177
180
200
178
211
182
180
179
185
180
206
187
196
180
184
203
241
215
214
202
204
198
192
190
193
192
195
201
180
140
141
149
177
179
201
194
188
183
172
175
166
161
197
216
217
193
178
158
176
175
184
193
201
203
202
176
159
159
191
201
203
192
203
210
202
203
196
195
199
193
183
169
157
167
168
153
139
140
140
158
164
164
160
165
167
169
156
163
174
169
215
212
191
182
191
205
218
197
198
205
210
192
200
159
164
164
167
165
192
179
175
181
184
166
166
213
210
196
206
201
192
172
197
207
200
199
199
198
154
155
158
166
169
197
207
186
200
213
248
254
286
298
330
348
347
381
345
334
342
329
327
316
314
304
287
264
269
273
277
299
281
260
253
284
248
252
232
228
239
217
207
160
131
140
161
174
137
170
173
195
200
243
246
285
290
307
310
294
283
292
262
258
260
272
223
259
212
255
238
232
248
269
282
278
331
339
333
330
297
336
319
327
330
316
320
295
298
259
244
247
249
240
218
193
187
186
199
171
185
203
207
185
192
181
184
186
187
199
191
173
193
176
170
177
175
175
187
248
245
250
239
268
280
271
289
312
317
330
333
324
269
273
269
291
292
312
306
288
247
226
239
215
224
225
201
215
207
187
170
170
208
245
243
251
250
253
269
303
310
307
306
305
310
277
252
252
229
233
255
253
257
235
248
258
254
260
269
293
278
289
293
255
235
196
215
208
205
192
184
176
166
180
171
175
177
174
186
191
177
163
172
197
213
202
191
213
225
243
238
263
249
258
289
286
261
245
242
244
213
198
193
197
160
182
203
169
187
213
234
248
278
278
295
296
296
301
267
241
265
254
234
224
199
178
208
185
198
207
214
226
239
225
227
220
225
237
252
221
247
220
234
252
244
222
215
216
221
201
220
223
259
234
232
212
202
204
210
229
222
216
226
194
165
140
142
143
156
142
163
173
171
179
176
177
188
188
211
229
241
227
223
210
221
217
223
217
226
218
224
193
184
183
220
229
220
203
207
186
191
191
204
202
210
196
188
170
161
174
170
160
166
161
167
157
179
199
196
186
183
191
171
189
194
195
230
226
225
203
197
204
236
228
219
245
225
212
212
189
186
187
200
198
231
202
197
198
193
198
198
241
229
212
212
196
178
158
187
186
197
184
188
191
143
151
146
167
172
207
203
184
209
209
266
263
311
334
365
392
388
430
392
410
421
389
391
370
361
340
334
323
309
312
303
338
317
304
316
358
317
341
309
297
305
295
271
235
201
218
225
235
179
191
174
216
212
254
251
298
292
308
305
299
282
320
303
298
287
312
254
321
279
314
295
280
292
305
299
306
381
366
338
329
270
305
293
298
288
269
300
292
285
221
231
250
262
265
259
237
237
235
230
183
160
190
192
166
177
164
164
157
174
174
186
207
217
223
197
202
204
207
203
263
239
229
225
232
232
236
245
292
302
305
282
286
220
252
258
281
319
311
314
306
259
256
292
297
290
313
275
282
263
222
242
235
269
298
285
272
279
311
314
361
384
388
388
372
373
337
317
314
289
276
273
258
255
218
241
257
249
252
282
327
316
315
311
283
274
239
241
216
195
192
193
157
124
133
132
130
147
141
145
181
184
190
187
224
242
246
251
278
302
314
318
323
306
310
317
318
272
274
274
259
234
214
192
190
179
180
198
174
196
219
243
246
284
291
319
319
320
314
301
290
310
290
266
245
222
201
207
185
217
239
240
233
238
233
230
228
212
203
221
208
244
220
221
252
265
255
255
264
280
274
296
303
340
312
306
282
260
250
241
241
236
216
220
214
173
151
138
141
163
164
190
199
212
217
230
240
229
229
240
257
252
235
225
212
229
226
248
245
275
268
277
245
252
254
268
272
271
256
239
225
215
181
202
192
198
166
167
193
203
203
193
211
199
200
198
185
222
257
257
243
214
207
199
218
223
225
255
273
272
238
219
239
286
302
305
316
298
270
276
271
259
264
290
308
340
294
281
269
265
277
293
320
309
297
312
288
267
257
298
299
321
320
321
308
279
271
271
283
281
311
293
257
267
264
312
307
355
350
380
418
411
439
395
410
425
395
388
369
358
339
362
350
322
315
320
349
321
309
305
353
301
307
271
249
272
271
253
229
194
212
241
254
212
231
216
260
251
280
272
299
285
324
322
296
290
311
297
304
287
314
255
318
287
320
284
272
270
298
273
269
341
337
317
303
244
271
266
282
270
267
290
297
319
267
271
280
302
305
297
276
267
277
271
221
218
209
187
171
202
190
193
208
213
222
217
232
258
246
235
272
273
254
240
289
275
270
256
267
291
286
300
355
344
334
312
316
268
280
286
316
345
328
306
290
242
238
278
284
284
304
270
279
261
224
242
247
279
301
298
289
280
313
301
349
371
375
368
347
347
317
295
280
253
252
251
230
236
199
204
227
223
229
265
306
308
317
324
287
287
247
240
226
210
202
202
161
137
143
130
133
144
148
137
175
186
185
190
227
246
235
239
256
265
302
296
326
312
318
336
333
283
275
296
280
265
255
220
230
214
204
201
175
179
206
234
220
261
275
294
306
320
323
336
348
375
370
352
334
328
300
312
300
331
325
320
300
294
273
282
271
256
257
276
262
298
280
302
317
348
335
337
337
360
357
373
371
401
380
345
309
296
268
252
263
252
226
248
235
201
170
142
153
187
182
221
224
238
241
244
219
214
217
224
266
257
241
245
230
272
242
250
263
287
279
276
257
231
235
251
251
228
205
203
207
197
193
205
213
222
223
237
236
237
257
243
256
250
264
244
242
264
291
271
258
253
237
222
252
254
253
270
290
273
255
254
270
293
300
321
332
314
310
314
323
307
331
348
341
375
352
343
329
341
354
370
409
373
387
392
373
362
352
391
362
395
375
372
348
310
313
298
295
288
312
298
270
287
263
325
311
373
360
402
432
440
456
427
437
436
425
414
383
372
324
361
328
321
332
337
358
331
321
324
389
346
340
329
288
320
298
258
241
212
233
277
286
237
245
259
309
321
344
348
390
392
406
403
350
333
355
354
340
306
302
263
320
278
287
279
279
280
299
259
245
334
336
332
301
241
265
286
293
272
272
296
311
342
278
294
299
319
327
334
293
279
289
288
246
262
249
233
196
235
231
224
228
236
248
232
246
288
256
248
285
290
270
255
297
284
289
287
323
328
316
313
365
366
361
334
341
328
313
322
341
345
354
335
335
284
275
319
333
320
320
320
311
286
267
281
273
300
328
320
311
298
330
313
365
403
414
395
373
380
364
326
314
283
288
285
273
267
225
213
251
243
237
268
335
320
334
354
330
326
294
292
296
265
261
288
249
213
232
207
186
190
199
179
216
221
225
233
250
250
230
240
275
294
333
323
339
317
321
341
335
308
311
330
299
284
265
247
257
247
246
233
211
231
258
275
273
320
308
314
296
316
320
325
373
406
383
355
352
336
306
340
345
403
382
367
355
330
286
281
263
243
246
258
232
285
255
278
304
326
312
318
348
375
385
400
389
421
393
359
334
329
321
303
316
285
261
291
280
266
237
199
201
242
228
246
249
264
284
286
256
238
242
234
259
268
243
251
217
260
233
238
243
269
284
287
288
269
279
287
278
281
258
250
233
231
218
220
213
220
231
229
223
244
268
247
262
278
299
281
290
301
323
312
310
317
290
280
322
344
330
345
382
358
351
349
354
365
354
390
390
357
342
361
348
308
324
339
338
368
362
372
349
370
401
401
433
407
412
410
403
386
359
370
338
362
334
320
300
242
240
244
256
248
267
296
278
295
282
346
340
401
417
452
471
461
481
454
445
448
438
420
407
395
334
349
325
313
320
309
319
285
267
278
331
275
269
276
251
282
271
264
251
246
291
357
367
326
310
334
359
377
403
420
447
459
465
456
386
361
370
370
356
337
308
264
315
278
273
270
247
261
273
253
258
343
343
346
326
263
273
299
308
292
280
312
328
335
265
303
314
333
324
339
312
290
303
311
269
291
300
273
229
252
241
264
277
264
256
239
259
300
253
238
270
283
284
278
293
279
287
299
345
327
322
342
405
420
413
383
373
364
342
374
399
388
407
380
362
320
300
337
348
358
351
344
319
282
260
266
272
307
317
327
327
309
340
316
374
400
431
430
417
420
388
352
334
287
294
282
301
290
268
248
281
271
254
300
369
363
360
381
355
334
324
310
309
264
274
316
265
231
230
227
206
215
232
199
235
253
268
261
252
255
225
244
279
291
317
314
321
310
296
326
326
315
315
348
325
320
317
316
318
318
320
310
288
309
337
364
351
381
354
350
340
345
360
356
405
431
419
383
361
351
332
369
372
413
397
371
353
338
301
274
255
255
268
284
255
315
270
290
308
336
311
302
323
356
350
362
351
400
363
341
317
317
313
310
325
316
282
327
307
283
244
205
203
260
258
276
271
288
283
293
255
244
246
238
292
317
269
265
219
267
241
256
272
299
301
302
321
281
292
312
320
340
305
296
301
294
277
276
278
264
261
243
240
248
256
238
261
279
300
281
280
290
313
318
317
336
313
300
359
381
334
329
374
379
384
383
389
405
373
395
402
369
353
387
370
336
328
348
348
382
384
388
360
390
390
394
424
411
404
421
393
377
345
339
340
360
318
304
276
214
226
242
227
217
218
243
234
237
224
292
308
358
383
418
437
453
485
485
468
489
471
466
462
451
401
416
394
375
377
355
350
340
312
331
382
321
308
312
289
313
313
299
295
278
319
383
402
370
363
369
389
396
420
445
462
471
499
473
404
379
384
391
387
383
373
322
355
326
322
315
302
310
293
294
296
395
390
385
365
295
319
335
331
320
310
361
358
353
276
306
319
330
323
316
292
288
283
304
271
295
324
303
265
274
283
310
345
355
356
352
354
383
334
296
300
321
318
303
304
286
281
270
310
305
