0
0
0
0
34
73
83
140
158
195
198
202
213
250
253
269
281
260
233
262
211
230
243
264
291
290
298
322
348
354
386
377
369
389
359
312
291
273
279
260
270
234
233
220
223
210
189
224
238
263
258
247
224
220
241
249
222
246
246
257
217
207
182
200
201
210
198
171
148
181
156
186
191
213
230
237
256
259
278
295
323
364
361
367
357
389
392
381
376
351
357
338
323
303
303
320
337
312
260
243
263
280
271
275
302
295
289
250
242
217
214
220
243
242
235
235
262
240
268
294
314
286
333
329
327
296
325
350
346
328
320
293
265
258
264
234
238
246
256
247
243
246
225
231
260
293
279
277
272
271
305
314
304
287
302
298
290
276
256
277
277
301
310
272
289
248
248
257
295
289
317
357
355
375
344
365
401
394
414
415
419
403
427
380
352
346
316
319
281
286
272
254
257
221
224
219
231
221
216
229
227
251
205
217
228
232
238
231
220
218
206
220
213
225
240
251
235
242
230
236
217
224
211
229
215
219
212
214
225
255
252
241
229
230
216
226
216
213
200
220
192
169
135
132
129
159
192
203
242
269
279
296
304
302
354
361
355
379
356
325
341
288
251
283
300
267
313
286
279
313
315
325
355
328
353
372
341
315
345
288
301
300
280
289
320
289
311
305
300
288
291
270
298
280
277
263
274
243
246
223
256
286
296
291
277
251
236
234
235
191
221
258
303
248
241
255
285
289
312
338
336
369
410
400
362
321
353
340
333
320
324
324
331
355
332
320
302
330
329
333
331
345
344
350
333
321
310
335
336
345
325
328
293
320
287
286
309
316
316
332
298
291
317
305
327
332
291
309
320
314
317
329
335
376
352
313
320
315
335
380
361
356
334
325
288
288
244
251
269
319
327
331
306
342
332
360
387
399
384
384
399
391
333
349
342
333
318
314
312
317
373
354
378
375
409
424
381
411
442
460
453
442
440
421
495
464
453
438
430
427
401
398
357
427
431
399
387
404
409
446
409
416
433
406
365
371
318
310
332
302
258
289
270
315
319
310
309
303
334
339
354
324
368
325
288
332
331
318
344
423
440
433
420
446
448
450
448
457
390
378
418
394
331
325
330
369
332
407
377
392
402
448
461
433
424
454
492
483
465
460
454
439
460
490
477
442
477
481
457
417
491
477
483
428
428
411
395
388
379
365
392
393
423
377
357
364
351
361
376
408
401
417
392
391
426
388
351
349
341
372
376
378
319
336
317
311
287
259
266
283
308
333
339
328
381
424
419
492
488
515
539
541
522
503
488
458
462
371
382
369
307
326
303
249
284
321
330
329
326
330
365
325
356
375
371
386
417
377
337
343
340
347
330
296
294
257
239
234
255
235
238
226
226
208
220
223
260
253
250
276
331
355
372
403
440
471
490
477
488
467
457
450
410
419
346
334
308
280
270
286
322
351
419
489
541
557
523
545
572
563
613
616
627
595
574
514
488
476
459
434
468
433
448
394
364
320
304
289
272
269
242
283
323
296
287
272
338
395
444
487
481
508
488
498
500
456
449
469
469
397
391
348
367
362
423
414
419
427
452
432
437
463
483
410
434
375
445
364
352
320
334
303
330
369
344
391
429
447
489
461
491
500
515
458
510
486
463
535
505
515
486
465
432
422
419
420
420
372
384
370
306
325
337
342
359
349
341
391
379
375
402
400
390
410
367
319
290
250
267
247
224
218
251
238
258
251
272
324
314
302
309
300
302
340
345
317
319
321
311
278
225
236
237
283
349
359
313
354
345
357
400
432
437
434
432
463
420
384
384
364
338
395
362
303
336
333
404
427
500
502
511
516
571
638
594
617
641
624
644
583
560
520
532
522
540
479
394
497
516
494
477
540
551
593
577
563
530
529
555
574
460
458
440
411
358
345
339
336
340
342
328
319
309
337
294
292
317
301
283
308
323
355
381
465
454
525
503
538
555
565
544
574
509
462
447
438
351
357
275
303
302
352
318
304
287
328
385
387
412
406
430
436
446
413
403
401
399
419
426
390
388
365
387
355
435
393
409
362
389
424
417
399
405
445
490
476
497
452
457
465
471
513
515
577
568
562
496
474
508
485
480
502
512
572
521
485
403
412
410
422
378
356
368
341
310
319
247
254
350
418
475
491
492
529
567
567
591
594
563
564
562
510
527
447
401
391
385
341
402
385
434
471
501
488
499
473
497
541
553
563
540
489
498
467
426
419
452
408
359
337
355
340
325
339
337
348
352
355
349
305
352
340
334
354
382
474
496
554
531
567
639
627
647
652
676
686
646
702
591
577
509
531
473
427
417
485
525
619
684
685
602
647
627
635
625
635
640
681
627
530
465
408
369
376
405
429
425
448
448
414
391
378
371
343
330
348
385
320
300
351
329
372
377
449
439
473
472
459
522
527
525
539
532
535
542
531
463
484
498
493
524
496
461
468
506
503
514
449
506
504
507
484
480
456
463
467
489
473
423
424
480
462
486
547
570
572
589
568
603
564
562
609
607
607
646
629
548
548
574
598
564
505
551
566
526
554
594
568
576
578
536
539
505
514
531
487
456
456
410
378
357
356
345
362
346
337
351
349
351
323
401
429
399
382
362
385
398
478
484
459
449
482
488
456
441
426
415
494
528
531
454
482
495
558
584
578
525
529
551
547
459
453
420
397
364
434
434
377
435
478
575
536
632
627
579
573
608
714
658
661
689
657
660
538
549
555
578
644
659
654
583
701
647
664
647
729
757
806
712
726
677
749
719
708
563
605
564
577
506
483
460
499
483
497
445
467
444
434
395
401
379
328
331
317
343
363
323
374
359
476
504
506
521
521
531
525
537
483
471
507
475
500
407
465
492
494
518
513
522
545
577
600
589
540
516
497
431
399
419
403
417
446
439
389
348
341
364
396
512
511
510
475
475
475
467
452
497
529
542
515
496
440
441
477
516
596
614
673
709
724
681
662
704
711
679
679
691
738
684
682
599
563
586
604
611
582
549
555
543
534
457
471
492
581
646
568
585
612
687
705
727
729
678
643
616
591
573
527
515
510
528
488
585
521
562
589
635
634
702
708
664
750
748
705
676
570
574
547
540
520
516
423
328
354
319
311
373
385
414
434
416
393
384
392
435
442
408
433
428
447
478
507
553
588
693
679
649
666
665
674
614
723
626
602
548
500
466
405
450
566
556
665
738
762
654
710
682
699
708
708
702
744
643
581
534
451
418
431
465
507
486
516
564
527
442
436
450
443
449
454
514
457
437
471
436
418
445
518
519
499
512
538
637
573
548
560
566
552
527
536
496
515
521
462
436
362
373
401
447
445
437
436
444
430
403
439
430
457
519
556
612
570
535
547
580
560
592
662
658
682
655
654
635
573
620
632
618
622
710
706
665
664
663
698
635
600
581
542
532
577
620
527
490
487
489
514
493
503
487
497
443
431
426
426
415
473
495
502
447
441
406
426
417
424
476
461
393
404
358
307
301
395
416
408
399
428
424
408
424
408
408
522
551
556
526
542
547
594
637
659
614
608
654
658
550
581
587
586
570
676
715
633
672
682
771
753
824
807
748
708
709
789
697
677
726
688
709
601
621
660
681
754
759
751
633
743
666
650
625
709
728
702
584
610
566
658
649
704
572
657
622
643
549
522
532
594
549
555
462
434
378
426
379
409
385
392
450
472
474
525
515
617
624
775
766
734
754
801
788
738
683
631
653
659
545
538
464
496
545
505
462
460
464
509
501
495
492
499
532
463
399
361
382
402
424
464
485
473
425
426
420
457
587
633
638
619
611
577
558
569
644
668
654
692
652
582
540
595
595
642
687
746
761
751
693
734
753
768
757
787
794
867
829
792
701
692
743
748
694
680
677
680
643
581
526
528
622
707
696
581
603
619
648
612
671
684
683
667
671
643
622
581
583
597
690
638
711
591
643
676
692
711
721
763
756
847
849
769
778
691
693
626
579
586
583
516
399
409
345
366
435
435
456
492
541
537
507
474
534
547
514
562
496
552
577
633
643
635
725
763
784
800
790
805
738
836
712
670
630
584
543
501
511
595
575
633
701
693
620
645
634
602
601
619
631
642
567
510
527
472
469
466
503
559
567
605
624
591
554
533
514
507
481
478
535
474
480
547
533
571
616
638
616
623
675
719
812
752
735
725
700
705
653
609
563
594
609
546
541
452
442
451
460
415
385
417
442
485
467
466
404
363
446
504
586
597
596
645
604
564
544
623
664
667
679
665
667
604
638
641
601
681
765
735
651
603
596
633
596
554
532
482
475
524
522
437
486
515
501
517
466
513
494
475
427
433
453
479
485
487
529
614
616
633
549
589
591
590
637
629
568
566
534
465
437
539
582
578
554
561
566
562
558
541
536
643
644
640
539
561
584
614
686
705
660
622
590
588
513
552
563
630
553
643
647
569
619
616
763
778
906
864
817
756
748
876
789
841
885
801
814
645
654
665
723
827
880
872
751
881
786
809
824
939
1007
1045
897
857
749
773
713
768
630
749
690
686
539
530
490
604
627
637
601
619
559
599
535
537
558
584
576
641
610
647
658
789
781
886
876
811
857
893
874
853
795
787
755
778
618
624
564
537
563
519
487
545
557
586
513
547
516
531
597
562
561
581
650
655
669
705
687
706
635
699
676
691
836
850
846
788
789
729
659
666
705
773
741
766
749
660
637
636
607
632
651
773
799
793
749
758
836
779
742
765
865
900
886
876
741
779
889
866
855
754
784
801
789
662
630
613
694
786
748
594
592
559
632
570
670
667
664
677
670
673
665
616
622
655
722
695
806
650
717
782
791
804
832
930
931
969
953
911
890
815
860
798
750
750
768
631
453
451
408
411
508
525
527
482
488
472
472
439
503
517
544
601
561
602
626
630
704
718
764
762
761
824
840
814
764
857
740
667
657
609
567
571
614
692
676
725
793
802
715
686
693
690
689
700
681
670
585
478
454
377
390
383
469
485
520
554
560
550
556
547
581
565
548
514
644
535
581
618
616
717
735
738
738
707
767
785
882
816
843
822
764
739
633
636
587
629
659
670
696
592
588
604
636
630
610
655
670
700
648
623
560
519
594
603
641
644
640
688
632
562
520
647
750
715
720
698
741
687
662
644
605
722
783
830
722
647
640
695
733
656
635
699
699
735
716
663
667
674
683
694
641
651
633
624
518
530
495
523
515
566
626
662
655
694
608
604
633
657
734
776
686
711
648
583
532
587
622
634
628
612
589
556
554
589
613
681
685
694
656
623
590
698
791
778
706
698
639
607
524
550
581
663
652
781
749
701
783
787
912
897
1015
1042
996
951
937
978
908
954
952
870
891
711
722
738
785
883
905
869
812
895
787
798
843
974
1030
1060
904
828
754
822
759
816
709
825
791
782
670
679
638
755
776
756
661
728
655
721
659
640
600
582
554
657
611
650
664
812
793
887
818
746
758
786
816
794
726
732
677
742
581
590
548
516
550
535
523
523
608
607
547
599
512
526
523
465
487
467
539
535
610
547
528
560
500
586
559
630
770
808
833
790
783
670
637
726
728
784
763
814
736
670
620
629
635
730
758
900
876
870
847
847
930
923
886
894
970
982
902
860
720
752
869
843
843
715
735
746
731
635
591
606
694
773
762
614
654
589
640
584
682
678
693
684
673
662
648
567
609
575
662
711
847
696
758
786
822
842
915
1005
1040
1069
1081
1042
981
894
963
924
882
905
921
772
616
607
522
482
537
518
467
418
403
405
409
376
442
494
519
561
569
676
711
792
832
896
940
934
913
950
910
890
867
956
795
773
694
698
655
654
624
724
718
756
820
825
739
752
771
854
786
772
770
798
728
638
626
534
532
528
609
594
607
677
676
627
588
553
588
549
529
544
672
569
627
621
649
754
796
821
821
780
903
943
1022
974
936
884
851
780
713
690
657
714
719
714
733
640
595
633
698
678
662
634
686
712
702
746
696
638
669
742
769
774
746
818
815
772
775
863
873
803
850
851
813
766
748
747
724
833
810
822
694
652
662
657
649
585
572
567
565
579
547
555
573
579
632
623
610
663
645
663
579
616
570
629
627
673
734
728
754
726
640
657
695
713
798
834
692
656
587
532
472
479
563
609
596
535
503
465
504
592
676
773
797
872
859
875
816
923
1044
1106
1062
1005
902
837
701
699
691
750
666
777
757
727
715
669
829
837
999
1047
1037
1014
1039
1072
1042
1073
1037
989
997
798
810
749
820
879
847
855
860
922
819
773
851
1025
1057
1042
949
861
789
871
758
773
685
809
798
744
590
628
667
802
841
837
797
826
761
761
695
737
722
700
638
683
593
551
553
659
681
745
764
716
678
729
824
824
742
732
726
800
652
655
681
606
624
643
630
580
685
717
680
716
631
642
676
600
614
570
629
603
724
652
635
649
592
694
719
763
875
920
918
877
878
724
714
810
819
889
864
897
795
726
706
803
860
952
931
1051
1059
1031
1012
974
1071
1134
1088
1069
1078
1051
970
984
887
906
1075
1028
1039
860
860
872
874
764
703
691
747
792
766
589
640
599
638
577
716
693
738
728
735
729
671
600
660
593
648
683
798
625
647
715
747
739
830
986
978
1018
1116
1074
1038
971
1062
1062
980
1013
1095
957
758
781
676
593
667
634
557
476
477
465
477
409
419
481
520
599
584
699
752
801
850
882
958
944
952
1019
983
928
904
1000
788
764
724
717
736
746
758
873
839
881
960
947
909
936
971
1033
983
943
957
937
840
794
777
673
634
586
739
726
702
753
733
624
625
574
626
579
576
606
784
631
651
684
723
826
890
841
844
819
931
996
1080
1015
1005
980
969
951
878
851
869
938
921
920
912
800
728
735
819
777
723
680
734
778
709
769
686
657
673
704
778
761
741
748
775
719
669
791
801
782
746
748
727
694
655
676
697
797
802
805
679
601
599
642
638
595
527
509
491
540
479
470
545
558
636
641
658
738
739
799
740
770
675
774
748
761
782
815
837
780
684
684
683
748
874
942
824
831
801
802
677
683
747
775
772
753
684
620
680
751
794
869
867
919
926
973
937
976
1035
1099
1049
973
866
853
745
756
798
831
714
816
907
903
880
836
999
988
1108
1082
1091
1056
1036
1110
1087
1069
1018
970
979
812
878
783
870
897
876
873
866
897
802
776
876
1009
971
916
865
777
713
783
748
742
718
877
897
801
686
785
850
926
1019
1011
1003
1007
946
924
842
841
867
877
814
856
804
695
709
802
831
883
916
861
865
911
976
957
851
892
949
1025
832
851
890
818
799
773
741
693
739
761
671
682
579
587
589
547
541
513
621
626
762
745
768
818
793
892
989
1057
1117
1112
1112
988
961
790
762
788
756
807
807
806
672
636
650
758
869
984
1001
1149
1191
1177
1175
1170
1240
1319
1260
1240
1214
1187
1085
1043
970
962
1152
1068
982
839
818
835
876
813
748
772
859
859
879
703
765
765
735
697
804
780
777
767
763
750
697
611
656
586
652
694
788
666
667
757
793
752
847
1006
1021
1016
1105
1056
1063
1050
1088
1087
1032
1100
1224
1056
852
825
767
690
777
723
650
607
582
543
515
445
460
570
631
720
723
807
904
894
953
986
1083
1084
1051
1111
1002
969
969
1063
882
840
812
759
832
842
859
995
986
1046
1081
1077
1026
1086
1080
1184
1160
1092
1088
1094
978
951
931
851
779
736
845
875
809
869
833
741
692
640
634
610
594
612
788
670
651
678
714
816
871
844
852
818
943
1008
1135
1045
1002
982
983
976
942
910
876
928
931
908
902
749
670
658
783
770
685
635
675
715
668
737
615
558
588
698
814
737
688
697
682
635
624
772
784
807
858
846
771
738
731
725
729
840
834
877
718
655
661
657
662
650
568
554
550
617
568
548
627
628
678
712
731
811
771
806
758
832
770
907
886
818
893
948
956
893
789
788
798
877
957
1001
800
805
811
822
712
718
825
852
843
802
748
670
753
829
912
980
942
964
921
915
890
951
1013
1085
1101
991
961
896
811
788
859
857
792
854
937
956
898
854
1026
991
1111
1047
1056
981
1028
1075
1120
1079
978
930
908
726
797
731
850
930
927
911
908
902
798
798
897
1014
991
917
869
743
639
742
723
709
655
873
897
819
701
777
798
850
956
952
964
994
925
959
836
894
888
907
825
891
878
801
835
882
838
892
913
864
829
919
1043
1111
1016
1030
1023
1072
886
919
932
874
885
845
766
671
683
711
642
719
663
671
649
616
611
585
747
790
931
967
1007
1045
1004
1086
1174
1297
1327
1342
1311
1148
1092
901
790
742
693
713
693
722
567
564
521
632
709
873
933
1060
1175
1187
1246
1243
1313
1386
1318
1326
1276
1248
1084
1016
962
910
1089
951
863
699
667
721
740
684
653
685
753
785
858
677
751
759
740
701
807
843
874
903
900
887
798
739
806
740
847
901
1017
934
867
945
955
906
1020
1203
1188
1158
1279
1216
1158
1153
1108
1121
1077
1133
1251
1093
904
831
789
703
792
805
698
692
671
651
652
570
568
677
737
858
815
850
909
898
938
999
1090
1043
1009
1051
965
949
952
1042
869
818
824
782
810
784
818
956
977
1053
1127
1078
1033
1130
1128
1224
1218
1171
1178
1170
1098
1061
1036
929
865
847
923
910
897
935
902
858
868
802
792
761
773
757
932
800
822
819
827
896
895
801
800
767
832
865
1012
946
953
961
935
988
984
953
979
1029
1058
1031
1009
891
788
733
894
869
768
697
748
754
742
768
678
654
624
715
824
662
665
661
674
643
613
784
870
893
933
982
945
955
963
959
976
1130
1106
1136
936
785
782
774
758
684
573
564
550
613
507
511
638
631
744
757
783
868
866
913
877
918
846
940
931
833
887
905
967
945
864
855
831
888
994
1064
929
902
965
961
836
821
868
883
896
907
882
812
856
880
902
931
925
961
888
912
885
926
994
1066
1055
940
936
948
856
876
941
948
832
902
982
970
853
781
954
938
1084
1039
1026
972
1018
1093
1111
1053
979
975
979
807
873
775
863
950
943
939
928
886
844
850
968
1041
1024
929
842
775
647
762
719
767
754
925
922
853
761
856
912
1004
1048
1059
1095
1126
1010
1010
925
978
924
983
885
953
951
907
958
953
955
979
1027
956
887
995
1062
1111
1010
1030
1000
1043
889
941
984
879
900
916
848
789
791
766
685
792
680
677
599
535
579
563
679
771
875
982
1110
1169
1086
1211
1266
1402
1481
1542
1521
1426
1319
1166
1040
955
871
872
781
837
705
647
567
666
676
804
893
961
1059
1116
1197
1216
1228
1301
1275
1271
1206
1237
1107
1035
1001
897
1024
906
857
801
749
811
816
756
661
675
690
761
938
783
874
880
833
780
911
995
1024
1041
1083
1107
991
871
919
871
971
1006
1099
979
877
979
967
913
1046
1206
1193
1185
1271
1209
1122
1157
1094
1128
1051
1187
1312
1102
964
920
854
751
864
928
814
818
789
733
681
564
569
671
722
798
761
757
753
749
817
858
1010
989
982
1019
962
895
944
999
839
841
840
760
764
704
764
874
901
928
1036
975
943
1083
1078
1189
1197
1186
1214
1137
1111
1070
1054
932
894
953
963
935
919
931
947
879
946
852
874
847
910
876
939
844
817
819
835
863
900
787
814
811
870
839
965
935
948
1028
958
1008
998
952
960
952
915
889
914
788
733
696
806
838
762
680
736
804
782
821
730
726
734
834
913
808
772
795
813
749
739
914
1003
1003
992
1021
902
908
904
957
957
1086
1068
1036
917
793
780
778
799
774
662
611
547
592
483
516
641
627
718
777
806
849
851
927
938
972
906
1063
1087
1000
975
970
999
954
883
885
836
865
943
1043
909
828
890
923
853
880
943
967
950
931
926
899
880
900
977
950
964
969
854
908
867
896
993
1035
1004
939
894
819
752
709
790
830
714
754
856
846
761
713
914
918
1072
1061
1103
1032
1089
1095
1136
1021
954
936
940
705
760
638
762
847
853
830
883
856
892
896
1063
1178
1224
1141
1159
1063
934
1080
1028
1078
1092
1295
1313
1146
1034
1041
1095
1087
1095
1070
1116
1189
1063
1080
980
1056
1055
1098
1051
1114
1139
1166
1246
1176
1155
1217
1215
1066
953
1013
1085
1122
998
1061
997
1009
833
851
854
766
831
815
810
760
745
769
658
706
611
638
573
538
610
600
779
835
940
1079
1149
1208
1189
1307
1355
1495
1580
1635
1670
1516
1416
1244
1095
1006
967
1002
900
943
831
724
630
627
690
814
900
950
1093
1096
1127
1206
1279
1312
1299
1280
1243
1244
1109
1063
1036
966
1086
967
902
779
744
793
791
736
641
644
622
694
813
674
723
716
647
596
706
802
872
921
956
997
891
779
858
892
982
1083
1126
1053
943
967
925
884
1024
1143
1094
1054
1083
1037
987
1089
1016
1036
990
1142
1280
1104
1070
1082
1043
944
1099
1101
959
949
959
911
841
727
740
767
781
851
861
820
820
827
964
966
1133
1098
1084
1089
1069
1022
1080
1128
946
936
936
834
852
761
829
964
956
982
1094
1014
961
1063
1094
1209
1183
1141
1185
1156
1069
1036
968
841
826
900
926
865
813
841
855
800
781
762
803
814
847
790
841
805
855
931
967
1074
1084
1030
997
984
1086
1055
1198
1156
1130
1126
999
1010
914
912
891
899
881
809
839
740
699
683
825
849
781
756
782
864
856
906
830
899
864
934
1001
856
814
827
823
758
738
915
974
961
865
914
845
850
879
939
938
1104
1088
1040
910
813
832
837
830
774
654
633
610
643
531
570
739
745
826
886
972
1062
1070
1179
1203
1173
1109
1219
1234
1119
1110
1096
1076
994
869
875
766
757
864
1027
928
906
992
988
876
949
1028
1059
1042
1052
1055
1035
998
1014
1005
972
1012
1055
915
924
880
902
965
1043
987
891
801
766
677
615
705
784
726
778
885
919
800
776
1017
1071
1237
1239
1294
1160
1150
1114
1103
969
934
907
926
654
693
527
663
743
816
837
919
943
1014
990
1132
1233
1225
1139
1143
1009
911
1017
945
1010
1041
1213
1204
1058
979
1014
1066
1064
1105
1087
1141
1227
1080
1031
951
1067
1070
1078
1046
1090
1172
1165
1217
1177
1171
1266
1313
1152
1045
1093
1133
1216
1116
1121
1072
1131
950
983
951
913
982
945
999
986
934
980
917
953
818
868
749
683
746
714
931
965
1067
1175
1269
1279
1317
1427
1384
1567
1690
1672
1729
1523
1381
1195
1057
931
911
926
849
966
808
709
637
638
661
797
890
963
1117
1161
1160
1184
1212
1288
1318
1331
1273
1357
1224
1214
1222
1165
1232
1149
1091
1006
893
903
856
845
724
727
687
716
789
680
660
692
619
644
747
863
853
849
941
1000
947
854
950
1057
1113
1195
1231
1126
1048
1145
1145
1042
1140
1196
1106
1038
1029
951
917
992
936
939
859
979
1168
1004
956
975
970
893
1096
1083
979
967
942
935
892
707
757
828
897
979
1000
951
954
964
1084
1157
1292
1296
1299
1262
1221
1133
1159
1173
998
1051
1003
941
931
852
883
1056
1029
1066
1162
1046
1022
1122
1037
1201
1152
1074
1120
1039
930
907
853
752
712
787
822
831
688
737
748
654
700
722
765
758
798
800
826
783
806
937
939
1056
1079
1031
962
974
1037
992
1103
1045
959
973
866
897
807
878
884
882
902
859
902
848
849
846
949
1001
938
917
866
888
877
895
799
869
816
865
982
853
781
829
851
791
792
963
958
964
871
914
857
816
866
929
878
1053
1035
1034
916
896
914
894
876
831
751
686
656
750
616
647
773
789
841
910
982
1091
1063
1189
1227
1189
1090
1167
1190
1018
1012
982
995
973
888
891
766
795
944
1045
977
981
1076
1055
990
1034
1037
1034
1058
1112
1095
1043
1075
1108
1045
1084
1151
1141
1001
1060
1047
1057
1062
1141
1073
954
864
891
752
686
775
831
780
746
806
864
744
703
965
995
1185
1199
1191
1082
1090
1061
1111
1042
986
1002
1039
771
793
592
728
837
902
939
968
950
1000
971
1073
1121
1101
1016
1001
873
787
888
786
881
954
1133
1146
1006
983
970
1036
1060
1150
1141
1216
1319
1188
1127
1061
1164
1162
1167
1176
1230
1310
1313
1372
1336
1325
1416
1507
1323
1236
1259
1332
1415
1324
1354
1253
1336
1144
1151
1159
1048
1119
1075
1147
1109
1085
1119
1005
1041
839
920
837
716
827
772
946
1006
1127
1212
1315
1384
1433
1533
1436
1616
1809
1833
1926
1741
1601
1395
1278
1122
1032
1034
997
1116
966
814
689
683
715
833
931
958
1079
1150
1126
1114
1163
1227
1253
1269
1228
1341
1205
1201
1242
1250
1271
1220
1207
1091
993
1001
949
907
779
814
731
756
823
752
763
778
729
723
860
997
1004
1009
1049
1111
1055
916
1050
1158
1191
1298
1328
1144
1060
1105
1081
1034
1118
1189
1172
1060
1013
960
958
1090
1072
1040
1021
1171
1361
1239
1163
1132
1163
1052
1215
1110
1009
1015
1027
1001
918
694
686
739
773
847
918
913
918
866
964
1014
1150
1182
1199
1254
1225
1206
1257
1258
1073
1155
1134
1085
1058
947
951
1120
1039
1061
1161
1033
998
1137
1073
1216
1161
1116
1174
1072
995
972
944
819
752
795
785
785
681
749
764
714
756
685
731
722
732
747
807
781
827
938
957
1099
1072
1069
1031
1010
1011
1000
1106
1074
985
952
857
809
659
796
805
829
887
874
940
817
766
802
930
985
992
979
911
926
915
885
821
835
831
922
989
892
845
847
842
745
717
908
954
961
883
921
888
863
888
922
894
1157
1147
1125
998
1003
1030
1048
1028
940
849
797
717
783
632
671
877
869
903
981
1021
1136
1116
1203
1244
1255
1178
1193
1237
1069
1081
1045
1021
1042
972
969
905
954
1053
1148
1104
1118
1126
1062
968
1036
1047
1061
1144
1153
1082
1083
1159
1183
1100
1183
1251
1259
1101
1137
1127
1079
1122
1195
1137
977
891
876
760
717
807
864
779
761
801
881
760
692
937
949
1152
1171
1183
1080
1113
1097
1134
1120
1005
1025
1065
853
895
727
837
932
1015
1023
1028
1007
1031
1058
1169
1207
1184
1122
1126
980
909
982
935
1068
1117
1284
1300
1199
1164
1135
1182
1161
1261
1213
1286
1331
1178
1134
1059
1157
1134
1150
1150
1186
1238
1215
1325
1302
1328
1440
1505
1327
1241
1274
1340
1449
1364
1374
1294
1366
1161
1157
1126
1076
1145
1119
1150
1090
1033
1102
1057
1065
854
963
921
845
872
807
918
989
1125
1197
1279
1338
1411
1483
1391
1540
1727
1768
1884
1718
1596
1422
1301
1142
1072
1068
1038
1104
932
779
657
614
619
706
836
873
1015
1089
1033
1049
1138
1219
1203
1216
1237
1377
1261
1227
1249
1221
1226
1205
1159
1006
873
901
868
771
652
702
577
661
747
707
716
713
700
699
842
949
958
974
985
1068
967
838
911
1016
1107
1236
1302
1152
1117
1186
1134
1149
1292
1402
1371
1244
1247
1179
1173
1317
1271
1229
1196
1341
1480
1350
1246
1221
1285
1169
1323
1186
1040
1034
1059
1033
943
742
685
713
709
767
821
828
886
826
917
915
1012
1049
1037
1136
1112
1142
1210
1152
989
1032
1063
979
940
883
849
1024
970
1047
1113
1014
1004
1153
1121
1260
1246
1226
1282
1222
1137
1052
959
857
786
804
739
723
603
700
715
672
671
621
667
705
721
729
805
766
798
903
848
1048
1012
1049
1006
970
952
970
1054
1005
933
912
783
761
595
760
791
781
870
892
877
788
802
876
969
1076
1058
1031
928
915
918
860
798
909
923
979
1025
958
863
947
923
839
800
978
1037
1012
870
894
886
863
900
950
873
1126
1116
1097
1012
1014
1041
1072
1004
942
876
797
725
786
634
657
831
784
763
903
936
1062
1058
1120
1138
1191
1130
1190
1219
1121
1170
1176
1116
1147
1084
1049
966
1024
1111
1250
1181
1241
1211
1140
1084
1104
1119
1132
1217
1234
1175
1094
1098
1123
1005
1156
1199
1169
1035
1049
999
920
998
1099
1050
940
823
829
628
579
714
739
643
662
718
785
680
663
894
979
1180
1259
1305
1182
1190
1211
1224
1176
1055
1011
1015
785
754
609
716
802
852
911
921
925
969
977
1083
1149
1109
1099
1060
944
904
1022
958
1107
1132
1291
1341
1257
1182
1214
1255
1260
1320
1254
1317
1408
1234
1225
1182
1264
1309
1383
1353
1349
1417
1377
1459
1432
1433
1547
1616
1450
1352
1289
1365
1460
1395
1397
1304
1425
1237
1218
1166
1071
1117
1069
1081
1008
992
1086
1069
1079
831
873
827
753
806
795
977
1151
1302
1356
1402
1413
1559
1605
1582
1717
1877
1902
1965
1781
1610
1431
1331
1220
1185
1109
1091
1109
978
819
709
644
658
723
833
857
970
994
919
897
1018
1102
1120
1097
1140
1221
1167
1177
1197
1186
1232
1236
1289
1129
1009
1057
1073
1021
958
1000
864
969
971
923
940
927
921
922
1008
1156
1155
1116
1063
1073
941
891
910
1082
1106
1217
1244
1076
980
971
938
1021
1229
1313
1283
1187
1166
1128
1120
1306
1347
1359
1344
1491
1584
1459
1376
1318
1389
1214
1415
1307
1132
1113
1085
1101
1018
834
748
805
803
863
969
928
953
910
967
978
1060
1059
1036
1123
1055
1107
1196
1107
945
1028
1056
994
943
876
907
1102
1091
1217
1321
1216
1213
1373
1322
1454
1462
1462
1493
1403
1314
1227
1054
925
870
879
815
824
662
713
711
714
743
653
648
691
681
633
657
563
551
642
621
777
768
759
757
745
769
785
868
885
858
836
790
740
598
723
780
763
864
880
836
778
770
823
897
983
982
980
828
772
777
727
684
874
885
949
1044
987
882
1004
984
952
992
1158
1214
1230
1059
1053
1024
961
1040
1097
976
1255
1259
1195
1109
1103
1052
1088
1056
987
951
836
751
764
582
600
724
692
637
767
759
888
864
933
953
978
970
1024
1057
996
1061
1089
1094
1144
1048
1091
1019
1102
1182
1306
1271
1296
1260
1181
1129
1124
1171
1162
1196
1179
1076
1053
1028
986
893
1059
1093
1099
1006
977
1011
945
998
1165
1094
991
924
972
800
744
839
801
699
670
749
863
670
664
943
978
1160
1207
1276
1169
1206
1220
1250
1178
1062
1075
1107
849
840
683
769
878
856
949
1032
1031
1114
1054
1159
1167
1168
1195
1126
1000
915
1114
1034
1150
1156
1340
1451
1363
1316
1322
1351
1366
1446
1388
1411
1467
1267
1224
1103
1153
1231
1293
1301
1305
1336
1313
1359
1380
1387
1497
1576
1423
1371
1292
1410
1416
1348
1371
1289
1445
1233
1198
1129
1071
1162
1065
1110
980
952
1049
1070
1069
838
866
825
763
841
742
936
1042
1208
1375
1402
1380
1534
1579
1549
1711
1847
1841
1941
1731
1612
1425
1269
1157
1169
1053
1047
1103
966
835
713
628
663
649
754
780
920
890
871
846
998
1085
1136
1135
1211
1291
1277
1305
1356
1271
1300
1296
1338
1108
1005
984
1000
921
885
940
782
852
910
938
916
875
860
842
1021
1124
1167
1128
1111
1161
983
939
941
1085
1129
1281
1293
1116
1117
1098
1062
1098
1255
1367
1340
1221
1251
1172
1146
1383
1373
1374
1352
1516
1652
1561
1486
1428
1466
1304
1505
1410
1155
1165
1137
1152
1093
907
872
973
961
1058
1155
1130
1163
1148
1195
1150
1239
1212
1162
1196
1111
1156
1250
1151
980
1067
1139
1054
1037
955
951
1147
1128
1232
1314
1197
1200
1394
1341
1452
1453
1422
1461
1392
1271
1232
1095
1008
1006
1012
920
908
783
862
862
847
841
778
740
730
681
601
651
621
606
675
635
808
861
911
900
890
917
974
1051
1036
986
955
901
908
767
860
876
876
945
1002
963
931
899
967
1095
1210
1161
1158
969
966
1009
964
909
1119
1044
1116
1157
1040
876
999
1001
990
971
1106
1193
1252
1025
1071
1062
1021
1121
1152
1042
1296
1289
1243
1083
1050
948
1018
971
915
857
702
670
659
439
492
579
620
581
700
626
742
733
820
819
809
826
881
917
876
890
925
941
1045
966
950
881
1027
1100
1170
1160
1186
1139
1094
993
1033
1097
1107
1158
1180
1098
1085
1110
1045
931
1128
1162
1193
1076
1056
1068
1021
1005
1088
1039
962
922
971
772
717
800
757
634
641
706
846
702
694
927
947
1121
1187
1244
1157
1198
1190
1230
1197
1084
1087
1161
926
950
836
909
1021
996
1080
1147
1129
1190
1111
1200
1148
1134
1119
1055
938
879
1132
1049
1188
1225
1453
1616
1574
1525
1520
1560
1531
1633
1584
1568
1615
1442
1394
1227
1230
1266
1297
1380
1378
1427
1401
1403
1399
1391
1472
1555
1413
1367
1293
1463
1410
1349
1336
1249
1393
1158
1153
1113
974
1053
939
1002
851
869
967
1019
1050
876
965
960
883
955
856
1044
1160
1286
1421
1459
1463
1593
1609
1591
1657
1736
1798
1954
1819
1721
1591
1430
1309
1331
1159
1179
1220
1148
1079
946
844
855
793
837
896
985
902
914
869
994
1086
1161
1164
1172
1224
1231
1312
1334
1340
1364
1360
1372
1154
1044
982
971
926
943
1018
914
944
966
987
960
911
928
904
1115
1177
1225
1085
1052
1067
955
934
969
1143
1204
1308
1365
1168
1255
1214
1251
1337
1444
1509
1411
1291
1295
1243
1235
1401
1396
1389
1377
1498
1613
1496
1440
1423
1413
1292
1494
1420
1214
1215
1145
1203
1168
931
960
1041
1037
1179
1246
1213
1240
1206
1269
1250
1312
1303
1284
1321
1215
1270
1350
1228
1044
1081
1107
1041
1045
995
975
1135
1093
1198
1261
1173
1194
1410
1375
1516
1484
1424
1404
1376
1223
1164
1045
981
947
981
902
943
842
930
926
881
830
803
800
813
772
675
731
698
630
678
653
845
955
981
990
957
1010
1049
1194
1083
1022
1000
948
928
760
868
919
953
1009
1040
1046
952
1020
1124
1232
1335
1282
1312
1104
1115
1120
1060
1018
1220
1172
1251
1266
1181
1000
1114
1092
1100
1044
1177
1289
1309
1074
1100
1023
975
1048
1083
1004
1261
1241
1186
1031
1012
971
1020
1005
987
873
763
732
699
495
536
619
635
618
708
646
709
683
838
820
842
885
945
980
934
1008
1018
1037
1089
1092
1082
1001
1151
1225
1214
1213
1262
1238
1193
1124
1169
1239
1219
1279
1272
1125
1089
1216
1158
1024
1244
1181
1202
1014
975
940
878
872
1015
957
815
762
759
559
557
671
707
632
655
752
866
716
763
1021
982
1187
1250
1278
1133
1126
1129
1185
1090
1042
1051
1051
840
943
873
927
1049
1046
1124
1159
1158
1212
1116
1157
1122
1096
997
898
754
741
979
934
1107
1087
1372
1512
1554
1557
1569
1651
1620
1739
1707
1755
1793
1584
1631
1454
1443
1463
1444
1488
1499
1514
1522
1494
1382
1385
1538
1534
1407
1384
1276
1455
1396
1355
1395
1306
1399
1232
1167
1099
1010
1048
910
944
807
883
923
948
1016
867
945
1037
952
1048
965
1207
1338
1481
1552
1604
1575
1661
1668
1630
1695
1808
1877
2068
1851
1776
1583
1467
1368
1448
1271
1339
1397
1246
1133
966
816
839
827
883
923
1025
931
965
863
1014
1099
1152
1117
1099
1199
1168
1247
1260
1216
1213
1227
1271
1043
967
898
930
912
921
970
924
979
1012
1118
1071
1048
1076
1075
1307
1337
1375
1231
1203
1159
1024
1013
953
1090
1092
1128
1116
878
976
998
1076
1138
1268
1308
1258
1202
1226
1225
1256
1478
1550
1549
1505
1563
1714
1623
1603
1568
1582
1437
1604
1514
1327
1264
1185
1231
1249
1044
1022
1089
1049
1125
1211
1236
1335
1273
1351
1353
1405
1368
1336
1377
1269
1333
1445
1359
1184
1146
1162
1110
1132
1117
1099
1212
1173
1296
1297
1236
1196
1378
1373
1499
1455
1377
1309
1295
1145
1083
940
923
824
900
799
844
741
844
860
822
736
756
780
805
784
734
819
841
766
837
843
988
1123
1156
1129
1109
1207
1251
1408
1276
1186
1148
1087
1005
822
933
1035
1086
1145
1126
1160
1048
1132
1209
1373
1459
1443
1484
1279
1283
1281
1240
1225
1436
1381
1424
1468
1338
1187
1267
1218
1222
1124
1238
1336
1372
1113
1137
1046
987
1014
1009
957
1246
1224
1180
1053
1041
945
999
976
972
873
819
840
833
629
657
759
738
706
791
731
784
770
864
861
864
876
968
1008
935
1052
1039
1076
1135
1128
1089
1084
1165
1259
1222
1216
1281
1248
1204
1197
1232
1235
1226
1294
1208
1109
1042
1203
1076
919
1105
1022
1000
826
759
724
702
763
874
846
695
707
727
578
567
640
671
621
688
754
802
691
700
957
922
1103
1129
1200
1093
1053
1086
1101
1006
1026
1050
1119
931
955
901
965
1095
1090
1240
1290
1257
1309
1204
1186
1106
1072
1068
919
791
746
946
845
980
991
1308
1429
1521
1570
1612
1673
1686
1805
1768
1857
1917
1711
1787
1535
1584
1542
1479
1468
1507
1494
1463
1395
1272
1288
1462
1407
1351
1302
1255
1459
1420
1354
1401
1317
1502
1348
1266
1209
1138
1116
948
987
795
866
858
906
1064
838
916
1002
928
1005
940
1161
1250
1452
1528
1618
1585
1605
1648
1651
1749
1843
1962
2143
1925
1845
1662
1559
1496
1634
1491
1541
1523
1379
1300
1162
1056
1084
1116
1149
1212
1235
1039
1049
969
1151
1186
1216
1156
1083
1185
1154
1234
1223
1168
1172
1177
1201
984
948
876
897
914
975
1053
1033
1104
1125
1271
1230
1193
1194
1160
1377
1344
1395
1246
1175
1122
966
970
874
1026
1024
1085
1101
863
1030
1037
1071
1145
1206
1243
1242
1241
1270
1292
1308
1514
1583
1570
1536
1626
1734
1658
1611
1594
1540
1355
1501
1455
1311
1243
1184
1204
1170
937
946
985
919
1018
1116
1160
1216
1092
1197
1174
1234
1236
1265
1304
1279
1325
1457
1394
1187
1120
1120
1044
1053
1048
986
1135
1077
1206
1241
1175
1137
1350
1379
1572
1548
1455
1384
1357
1178
1126
953
981
896
1006
948
952
825
929
967
939
933
923
924
923
819
740
773
799
730
834
804
905
1015
975
968
1009
1121
1220
1434
1285
1200
1203
1136
1054
937
1091
1196
1252
1256
1249
1259
1119
1227
1255
1374
1455
1454
1487
1262
1271
1246
1237
1208
1382
1315
1337
1399
1354
1175
1201
1168
1140
1127
1265
1350
1350
1134
1168
1113
1017
1010
1011
1054
1261
1264
1178
1060
1071
982
1001
971
953
862
797
811
763
620
660
734
724
692
810
765
858
838
972
964
980
1011
1106
1179
1149
1209
1140
1132
1193
1170
1171
1143
1226
1293
1245
1259
1298
1234
1230
1213
1289
1298
1231
1272
1195
1123
1053
1243
1088
933
1086
1004
1065
904
835
850
855
924
1003
1020
823
807
801
709
686
727
708
670
683
757
785
680
640
890
917
1067
1036
1135
1022
1024
1091
1123
961
978
1030
1110
941
950
946
1034
1112
1111
1294
1285
1230
1277
1149
1096
1064
1078
1085
957
843
818
992
828
983
1088
1442
1609
1697
1732
1680
1698
1654
1813
1790
1859
1893
1669
1708
1465
1485
1479
1387
1402
1445
1489
1427
1367
1297
1376
1607
1562
1447
1388
1326
1551
1530
1477
1458
1369
1521
1370
1337
1209
1144
1168
1034
1053
828
866
835
921
1057
839
920
961
926
992
926
1109
1243
1463
1560
1658
1649
1692
1745
1701
1785
1897
1942
2125
1987
1862
1639
1542
1456
1597
1447
1467
1460
1346
1225
1084
948
902
998
1080
1179
1249
1024
1007
962
1219
1231
1300
1299
1262
1398
1291
1359
1353
1249
1273
1300
1349
1136
1093
965
1026
1035
1048
1183
1161
1216
1265
1378
1331
1265
1216
1181
1411
1377
1447
1343
1224
1209
1058
1079
1018
1214
1207
1308
1304
1124
1248
1212
1231
1316
1353
1311
1317
1293
1280
1326
1280
1500
1518
1517
1548
1684
1812
1709
1691
1630
1600
1442
1513
1503
1372
1333
1215
1196
1138
879
892
988
949
1016
1118
1200
1204
1090
1194
1224
1262
1275
1320
1333
1246
1268
1392
1339
1156
1136
1146
1038
1041
1060
925
1096
1048
1225
1242
1136
1065
1244
1278
1492
1488
1401
1353
1378
1171
1160
970
1072
1013
1091
1063
1059
870
986
1023
978
997
990
1024
1025
882
829
903
896
788
912
893
1032
1077
996
986
980
1098
1181
1430
1270
1196
1221
1139
1041
894
1089
1171
1192
1186
1227
1214
1022
1160
1196
1314
1394
1392
1363
1191
1218
1266
1274
1149
1371
1356
1360
1474
1454
1279
1298
1350
1252
1280
1385
1411
1433
1163
1154
1071
908
883
897
932
1138
1149
1012
861
916
857
913
928
968
927
832
819
803
602
678
818
849
817
895
818
899
830
943
975
1033
1031
1145
1203
1163
1170
1076
1103
1194
1175
1200
1185
1237
1317
1308
1332
1354
1264
1280
1311
1406
1415
1348
1378
1304
1270
1178
1339
1208
1041
1184
1111
1141
964
942
892
904
967
1026
1010
811
771
789
694
726
774
781
711
766
819
822
706
710
947
931
1056
1047
1106
1004
993
1012
1018
876
942
981
1015
888
931
991
1094
1172
1166
1341
1427
1385
1408
1279
1251
1269
1252
1291
1130
978
972
1166
991
1089
1206
1589
1696
1795
1813
1757
1705
1690
1842
1820
1900
1932
1729
1787
1479
1499
1465
1367
1379
1498
1526
1509
1413
1302
1361
1620
1601
1533
1531
1475
1725
1726
1640
1657
1541
1675
1535
1515
1377
1250
1342
1204
1220
978
1010
982
971
1116
979
1015
1050
968
1067
960
1116
1254
1504
1605
1679
1700
1716
1720
1738
1821
1950
1991
2167
1979
1833
1579
1509
1405
1563
1419
1459
1428
1305
1197
1030
892
896
999
1098
1141
1264
1044
1017
990
1225
1252
1304
1283
1226
1312
1201
1235
1224
1100
1134
1207
1259
1049
987
882
935
1002
1073
1224
1203
1273
1340
1419
1351
1241
1170
1172
1381
1392
1463
1300
1186
1191
1024
1021
965
1206
1249
1394
1394
1230
1364
1295
1381
1499
1506
1532
1516
1487
1421
1404
1344
1542
1535
1493
1478
1627
1720
1612
1532
1512
1499
1344
1454
1459
1311
1270
1177
1224
1162
921
946
1010
988
1070
1174
1274
1268
1159
1305
1328
1338
1315
1330
1359
1344
1335
1431
1365
1144
1145
1201
1052
1083
1079
926
1162
1112
1251
1283
1209
1140
1294
1296
1487
1500
1378
1345
1344
1085
1052
887
992
872
937
920
952
762
881
923
885
968
963
1041
1017
871
883
976
956
896
1015
993
1128
1162
1076
1082
1052
1175
1226
1455
1299
1223
1199
1131
1027
887
1115
1218
1217
1234
1291
1337
1106
1210
1268
1358
1387
1386
1388
1221
1169
1227
1235
1139
1313
1350
1334
1399
1412
1273
1261
1298
1181
1222
1266
1246
1226
979
968
897
809
779
785
856
1076
1080
1012
906
1002
984
998
1000
1091
1047
949
944
912
697
755
848
861
785
826
807
933
825
979
1010
1026
1028
1142
1211
1139
1180
1104
1158
1220
1141
1163
1051
1053
1166
1141
1168
1205
1162
1185
1209
1249
1269
1197
1295
1308
1292
1186
1374
1182
1006
1169
1089
1163
1013
960
933
886
925
982
974
827
845
836
715
706
685
664
657
652
717
655
582
609
815
769
927
973
1030
976
1036
996
1084
952
1092
1133
1169
1030
1083
1127
1174
1290
1266
1380
1475
1387
1425
1272
1262
1301
1280
1310
1149
1002
1031
1198
1034
1199
1351
1701
1807
1860
1886
1820
1757
1768
1971
1873
1972
1983
1753
1810
1493
1526
1457
1351
1391
1544
1574
1501
1452
1355
1442
1649
1588
1566
1523
1553
1739
1760
1646
1660
1540
1664
1530
1470
1394
1279
1347
1264
1213
999
987
979
986
1146
983
1004
1086
1015
1181
1065
1211
1376
1608
1665
1741
1685
1725
1737
1804
1849
1964
1914
2140
1948
1853
1616
1593
1477
1638
1522
1600
1508
1392
1247
1129
935
920
941
1061
1081
1190
990
919
871
1082
1100
1140
1127
1088
1177
1110
1177
1168
1078
1108
1220
1259
1096
1128
1075
1147
1203
1250
1417
1345
1438
1476
1580
1479
1446
1412
1310
1461
1461
1517
1371
1198
1215
1042
1074
1013
1185
1140
1219
1216
1102
1221
1114
1234
1431
1386
1457
1392
1314
1325
1336
1337
1591
1566
1529
1557
1696
1731
1717
1618
1581
1600
1406
1497
1455
1276
1216
1106
1140
1061
828
809
880
891
949
1029
1165
1160
1073
1206
1233
1280
1195
1244
1249
1227
1226
1360
1345
1143
1157
1210
1092
1140
1134
1052
1236
1268
1386
1418
1344
1290
1418
1401
1586
1594
1474
1415
1425
1170
1099
927
994
866
896
901
935
756
827
854
884
940
943
1043
1035
946
1020
1137
1142
1091
1239
1297
1424
1365
1304
1303
1220
1312
1341
1499
1377
1243
1187
1101
979
842
1083
1214
1227
1253
1333
1387
1173
1188
1260
1376
1396
1385
1412
1263
1153
1158
1144
987
1122
1115
1113
1174
1232
1088
1096
1105
1018
1027
1099
1098
1145
948
968
908
798
788
820
872
1094
1060
1040
980
1129
1060
1070
1113
1177
1153
1012
987
965
783
871
959
970
808
845
819
863
800
977
952
986
935
980
1029
975
1034
1013
1114
1199
1128
1155
1067
1073
1180
1201
1267
1348
1281
1221
1226
1316
1349
1295
1369
1355
1387
1309
1455
1312
1117
1305
1305
1321
1174
1075
1069
1021
1052
1136
1083
950
902
893
752
725
772
694
678
727
801
736
654
714
973
960
1112
1166
1249
1184
1293
1268
1321
1211
1342
1367
1356
1175
1199
1266
1290
1380
1365
1489
1547
1452
1494
1330
1275
1325
1315
1328
1132
1023
990
1130
907
1088
1272
1596
1720
1838
1889
1787
1795
1838
2003
1988
2091
2081
1847
1843
1569
1597
1518
1368
1449
1546
1521
1466
1401
1273
1356
1589
1590
1530
1500
1509
1677
1682
1630
1695
1564
1698
1654
1643
1606
1434
1478
1355
1312
1148
1128
1120
1127
1290
1137
1114
1210
1117
1282
1175
1326
1434
1640
1660
1674
1647
1677
1634
1685
1677
1759
1768
2003
1842
1791
1581
1626
1528
1639
1529
1603
1567
1453
1358
1168
975
955
986
1046
1081
1199
996
917
862
1018
1071
1083
1122
1090
1147
1075
1186
1113
1007
1027
1166
1263
1141
1138
1083
1106
1132
1219
1409
1362
1498
1558
1643
1543
1520
1421
1340
1529
1537
1629
1477
1277
1239
1051
1083
1057
1206
1122
1293
1293
1107
1224
1109
1170
1361
1351
1437
1337
1275
1324
1317
1283
1532
1549
1532
1601
1819
1905
1849
1732
1738
1770
1520
1586
1557
1388
1317
1216
1212
1072
824
865
952
966
1044
1167
1333
1296
1219
1408
1480
1527
1497
1546
1519
1481
1471
1537
1481
1306
1295
1320
1140
1123
1145
1062
1268
1268
1363
1344
1268
1203
1296
1296
1472
1512
1404
1288
1265
989
962
796
871
765
812
825
875
713
731
759
801
847
859
935
976
894
982
1071
1072
986
1125
1185
1298
1262
1276
1283
1212
1227
1296
1426
1359
1267
1257
1179
1081
931
1212
1276
1251
1299
1441
1475
1249
1282
1335
1432
1458
1443
1561
1368
1237
1255
1182
1040
1167
1219
1181
1226
1292
1142
1182
1118
1063
1078
1103
1156
1143
976
997
969
874
854
855
893
1138
1068
1132
1100
1223
1192
1150
1140
1130
1088
959
954
943
754
831
867
873
760
817
843
899
907
1087
1079
1144
1083
1141
1223
1170
1268
1221
1277
1332
1283
1262
1164
1180
1209
1200
1224
1297
1220
1116
1144
1294
1366
1298
1343
1298
1285
1266
1404
1302
1087
1305
1321
1316
1148
1042
1030
1084
1187
1302
1277
1133
1038
1021
867
859
855
765
727
761
741
642
527
568
886
887
1046
1095
1154
1124
1230
1210
1236
1171
1311
1395
1409
1228
1238
1314
1349
1446
1437
1550
1633
1601
1615
1403
1304
1324
1273
1334
1105
977
932
1080
853
1006
1198
1542
1743
1846
1906
1869
1827
1892
2085
2067
2117
2114
1877
1787
1540
1554
1497
1317
1366
1495
1470
1385
1296
1206
1344
1578
1625
1543
1495
1474
1637
1676
1584
1697
1607
1771
1745
1679
1680
1560
1636
1516
1480
1352
1313
1288
1285
1443
1304
1268
1351
1208
1292
1178
1315
1421
1610
1596
1655
1594
1621
1605
1677
1738
1854
1928
2155
1993
1963
1744
1803
1726
1847
1755
1830
1750
1594
1471
1260
1061
1038
1058
1183
1202
1344
1147
1053
924
1068
1147
1181
1210
1178
1224
1145
1183
1151
1010
1061
1131
1276
1191
1145
1046
1083
1117
1264
1454
1464
1561
1626
1639
1571
1558
1507
1441
1640
1651
1774
1587
1406
1345
1164
1201
1227
1371
1287
1414
1399
1216
1305
1139
1176
1339
1319
1396
1321
1224
1304
1258
1233
1458
1486
1507
1565
1768
1878
1823
1724
1715
1772
1502
1621
1625
1480
1426
1249
1226
1154
909
935
1018
1061
1125
1253
1397
1353
1252
1439
1582
1667
1642
1693
1729
1716
1651
1717
1625
1449
1405
1485
1307
1252
1300
1196
1397
1348
1416
1425
1387
1378
1446
1421
1564
1627
1536
1370
1320
1064
1010
865
917
791
789
798
925
746
700
725
794
873
896
963
957
906
967
1093
1115
979
1182
1287
1376
1352
1375
1303
1258
1250
1265
1386
1266
1171
1170
1029
936
812
1081
1060
1127
1197
1340
1389
1174
1265
1295
1351
1427
1441
1555
1359
1280
1292
1225
1114
1297
1347
1286
1320
1404
1252
1207
1168
1126
1153
1121
1187
1190
1002
1021
1004
948
944
918
951
1156
1088
1166
1131
1212
1171
1097
1090
1067
983
866
901
921
769
833
837
845
753
839
857
955
957
1229
1227
1278
1245
1263
1293
1230
1308
1230
1211
1284
1195
1211
1004
965
950
902
973
1098
1071
1013
1060
1241
1308
1242
1223
1176
1178
1219
1420
1326
1145
1348
1373
1322
1210
1137
1161
1268
1422
1556
1485
1281
1178
1124
937
912
922
802
732
726
702
576
440
485
809
841
1056
1115
1209
1226
1334
1303
1339
1258
1393
1490
1505
1322
1286
1338
1348
1439
1414
1546
1646
1586
1608
1412
1322
1348
1265
1358
1094
1035
972
1157
899
1051
1277
1582
1802
1909
1921
1941
1871
1901
2064
2025
1980
2041
1846
1750
1587
1625
1564
1436
1441
1557
1577
1493
1452
1446
1527
1747
1828
1652
1622
1628
1740
1802
1729
1865
1804
1936
1904
1877
1834
1712
1824
1697
1652
1603
1594
1593
1551
1644
1485
1463
1529
1415
1495
1424
1557
1677
1792
1747
1796
1712
1803
1814
1845
1873
1965
2002
2207
2050
1971
1795
1822
1695
1810
1728
1794
1708
1531
1425
1225
993
945
991
1062
1106
1302
1144
1043
952
1132
1219
1217
1224
1224
1284
1201
1267
1275
1139
1167
1198
1318
1254
1240
1210
1288
1301
1449
1638
1719
1766
1739
1755
1678
1646
1511
1446
1597
1639
1775
1577
1410
1306
1142
1287
1370
1524
1494
1636
1593
1413
1433
1299
1324
1440
1378
1432
1271
1130
1156
1066
1033
1298
1336
1321
1294
1483
1663
1663
1600
1603
1651
1474
1607
1602
1429
1356
1220
1247
1138
850
893
967
1035
1095
1186
1319
1349
1275
1470
1620
1753
1778
1849
1836
1866
1785
1882
1790
1636
1539
1550
1422
1341
1318
1190
1409
1357
1380
1416
1403
1366
1364
1366
1602
1613
1596
1453
1420
1134
1088
941
961
853
863
930
1036
807
779
773
860
911
883
912
891
891
912
1050
1029
908
1086
1145
1222
1159
1179
1163
1210
1220
1179
1299
1228
1110
1148
978
923
825
1123
1167
1226
1250
1385
1444
1228
1283
1361
1375
1564
1582
1666
1464
1402
1447
1374
1258
1421
1423
1349
1414
1495
1291
1227
1181
1149
1085
1000
1051
1057
908
985
955
863
827
831
845
1060
967
1130
1151
1259
1245
1163
1100
1106
1010
907
940
954
780
811
747
707
607
697
680
849
835
1154
1173
1196
1227
1291
1389
1359
1473
1403
1347
1431
1295
1355
1087
1077
1032
958
994
1094
1035
934
951
1144
1222
1172
1112
1088
1072
1129
1322
1244
1097
1339
1367
1376
1262
1209
1223
1360
1532
1624
1559
1379
1285
1206
991
992
966
895
867
847
781
617
524
548
853
830
1040
1087
1150
1184
1238
1164
1185
1099
1235
1310
1384
1186
1180
1214
1238
1326
1299
1443
1556
1539
1554
1419
1323
1293
1208
1309
1084
1029
1006
1177
949
1089
1311
1666
1848
1924
1912
1926
1830
1819
1987
1949
1917
1923
1714
1588
1398
1418
1424
1348
1378
1500
1502
1435
1379
1375
1470
1700
1779
1617
1621
1649
1797
1877
1783
1941
1891
2011
1988
2027
1981
1890
1990
1863
1761
1736
1750
1781
1776
1836
1674
1637
1694
1623
1653
1582
1730
1837
1920
1815
1884
1762
1842
1887
1856
1828
1915
1954
2123
1884
1820
1623
1711
1584
1689
1661
1703
1688
1555
1421
1260
1042
1053
1059
1131
1094
1261
1163
1006
905
1019
1081
1020
1025
1035
1114
1071
1097
1190
1093
1046
1062
1221
1168
1172
1141
1221
1250
1363
1558
1721
1695
1621
1699
1628
1547
1438
1347
1556
1564
1700
1553
1358
1240
1072
1205
1300
1484
1443
1594
1577
1353
1372
1239
1200
1317
1217
1267
1147
995
1017
983
963
1204
1282
1323
1313
1543
1699
1682
1664
1705
1756
1572
1707
1675
1480
1430
1280
1299
1203
964
1070
1125
1152
1158
1224
1336
1363
1293
1483
1652
1788
1759
1838
1769
1830
1772
1941
1867
1739
1664
1675
1528
1407
1352
1213
1418
1392
1438
1505
1457
1485
1433
1420
1710
1741
1775
1674
1679
1399
1369
1209
1171
1049
1042
1159
1297
1014
938
902
960
999
980
949
945
910
968
1048
947
794
1008
1088
1137
1074
1048
1054
1140
1086
1082
1161
1110
1065
1093
940
873
792
1131
1206
1255
1290
1458
1540
1336
1433
1469
1480
1610
1675
1764
1548
1503
1520
1455
1307
1451
1433
1330
1446
1518
1341
1249
1202
1138
1092
1022
1028
1018
879
978
931
835
806
817
861
1049
1001
1121
1115
1233
1246
1150
1063
1089
964
902
904
874
709
713
698
698
587
672
661
846
809
1137
1121
1154
1219
1312
1383
1316
1396
1354
1317
1397
1211
1276
988
1004
964
907
931
1038
1022
913
915
1142
1184
1175
1163
1125
1099
1166
1291
1198
1035
1237
1287
1261
1110
1106
1141
1282
1460
1579
1518
1349
1254
1203
1021
1029
1040
1016
977
958
851
689
588
593
899
897
1116
1141
1226
1273
1266
1185
1209
1148
1264
1353
1414
1255
1250
1279
1279
1298
1292
1463
1625
1608
1591
1498
1373
1383
1295
1399
1157
1142
1155
1292
1080
1185
1388
1745
1887
1936
1904
1932
1873
1873
2007
1977
1969
1923
1706
1584
1388
1412
1434
1400
1390
1517
1539
1516
1483
1421
1587
1820
1850
1704
1724
1720
1788
1866
1739
1866
1810
1895
1934
1904
1849
1786
1892
1779
1745
1744
1758
1781
1765
1788
1611
1562
1649
1646
1701
1579
1777
1875
1951
1854
1926
1857
1968
2073
1982
1956
1921
1977
2185
1904
1771
1572
1690
1566
1655
1626
1621
1624
1508
1412
1245
1033
1037
1084
1217
1187
1341
1207
1051
997
1148
1163
1091
1109
1125
1201
1170
1160
1250
1161
1195
1197
1364
1355
1359
1383
1483
1535
1647
1859
2040
2023
1942
1934
1904
1814
1648
1574
1790
1765
1918
1750
1530
1402
1204
1371
1454
1630
1570
1697
1700
1489
1472
1273
1260
1399
1284
1345
1219
1084
1106
1105
1135
1373
1383
1462
1464
1685
1799
1782
1779
1803
1860
1653
1747
1712
1489
1482
1323
1294
1198
1009
1061
1100
1120
1148
1260
1349
1306
1248
1455
1607
1748
1701
1815
1772
1845
1806
1997
1916
1834
1825
1857
1632
1545
1573
1447
1554
1555
1567
1603
1512
1484
1366
1319
1608
1646
1684
1584
1624
1338
1295
1127
1076
1006
1015
1165
1290
958
916
832
871
927
943
936
944
961
1003
1120
1053
951
1150
1227
1289
1215
1146
1169
1293
1263
1218
1333
1256
1142
1170
1044
975
920
1233
1317
1365
1367
1494
1571
1332
1420
1475
1478
1649
1672
1686
1454
1382
1416
1310
1187
1357
1327
1210
1348
1411
1217
1203
1220
1245
1206
1125
1163
1137
1048
1114
1100
1021
942
961
973
1144
1030
1127
1106
1230
1237
1079
1018
1014
882
878
900
875
755
779
835
869
799
858
864
1026
1035
1338
1337
1383
1479
1534
1543
1481
1531
1422
1425
1489
1324
1336
1073
1020
894
798
815
925
865
754
815
1082
1099
1121
1165
1121
1186
1257
1421
1348
1250
1469
1540
1512
1347
1415
1419
1485
1653
1698
1716
1536
1422
1348
1128
1112
1129
1059
1017
1021
955
826
728
733
979
980
1193
1242
1270
1292
1284
1185
1175
1116
1167
1302
1304
1168
1182
1220
1178
1259
1254
1425
1554
1536
1513
1489
1344
1385
1320
1434
1199
1246
1270
1422
1225
1332
1568
1927
2059
2114
2093
2129
2011
2012
2115
2099
2084
2048
1810
1649
1433
1415
1427
1363
1283
1481
1520
1545
1467
1412
1535
1778
1821
1690
1695
1737
1778
1936
1814
1915
1774
1854
1821
1803
1788
1778
1892
1784
1712
1772
1741
1767
1765
1827
1670
1663
1787
1703
1724
1609
1803
1869
1870
1788
1839
1709
1832
1993
1899
1826
1832
1909
2106
1906
1804
1677
1833
1663
1809
1754
1710
1690
1593
1525
1351
1131
1084
1084
1139
1047
1265
1144
1014
957
1098
1168
1081
1047
1056
1090
1102
1150
1265
1148
1193
1186
1333
1324
1339
1332
1448
1523
1657
1820
1974
1960
1879
1841
1780
1708
1586
1453
1711
1678
1762
1600
1425
1333
1137
1320
1412
1632
1552
1664
1714
1507
1508
1345
1400
1558
1428
1492
1363
1229
1261
1327
1356
1572
1565
1591
1594
1771
1889
1856
1852
1846
1894
1672
1686
1652
1472
1455
1384
1393
1264
1053
1085
1069
1118
1157
1295
1445
1400
1279
1520
1597
1712
1718
1808
1768
1876
1767
1945
1864
1729
1756
1848
1618
1564
1589
1440
1577
1596
1644
1733
1630
1577
1460
1381
1554
1599
1626
1560
1625
1336
1305
1090
1043
966
958
1152
1258
1019
949
874
888
885
917
925
993
1030
1116
1269
1170
1111
1311
1380
1431
1356
1295
1278
1370
1351
1266
1361
1286
1169
1155
973
900
837
1121
1273
1378
1348
1426
1472
1198
1223
1288
1263
1415
1443
1481
1297
1179
1200
1118
1016
1208
1246
1206
1328
1383
1260
1268
1322
1317
1325
1216
1282
1249
1200
1192
1198
1146
1112
1125
1144
1294
1168
1195
1159
1240
1237
1060
1022
973
824
834
817
786
669
747
848
932
886
941
936
1140
1145
1475
1472
1531
1653
1657
1626
1497
1529
1450
1403
1475
1285
1261
966
909
783
622
649
736
698
577
639
945
933
972
1020
992
1031
1060
1242
1238
1152
1440
1510
1454
1294
1383
1336
1462
1653
1706
1753
1595
1467
1435
1197
1152
1197
1143
1128
1186
1128
972
890
875
1100
1078
1233
1254
1327
1317
1304
1202
1223
1093
1122
1266
1330
1232
1255
1346
1297
1359
1336
1506
1635
1556
1544
1574
1439
1396
1306
1425
1167
1213
1248
1452
1296
1430
1652
2047
2183
2203
2245
2286
2136
2166
2296
2291
2290
2214
1927
1845
1597
1554
1609
1496
1408
1636
1659
1676
1572
1502
1662
1910
1859
1772
1768
1828
1934
2073
1917
2026
1862
1966
1960
1908
1903
1954
2034
1907
1772
1825
1848
1874
1856
1922
1745
1714
1851
1773
1776
1644
1868
1948
1958
1855
1888
1748
1879
2044
1953
1858
1831
1905
2102
1837
1738
1583
1712
1630
1772
1739
1745
1700
1660
1602
1451
1261
1286
1324
1371
1257
1378
1277
1112
1014
1194
1195
1113
1085
1085
1134
1099
1136
1273
1211
1257
1256
1384
1314
1297
1296
1417
1506
1613
1752
1906
1874
1773
1779
1743
1728
1635
1561
1817
1756
1829
1620
1494
1457
1274
1456
1477
1717
1584
1700
1722
1535
1534
1401
1493
1624
1490
1550
1380
1274
1290
1335
1295
1508
1494
1491
1469
1675
1802
1710
1751
1820
1860
1667
1717
1708
1569
1500
1483
1524
1371
1148
1157
1114
1150
1151
1227
1388
1326
1187
1463
1520
1582
1596
1725
1752
1859
1761
1980
1944
1765
1854
1992
1777
1703
1729
1597
1672
1725
1802
1892
1819
1779
1711
1634
1791
1797
1881
1822
1868
1637
1599
1393
1279
1188
1117
1268
1344
1102
1035
910
927
948
957
963
985
1068
1163
1292
1217
1161
1340
1421
1464
1401
1301
1282
1342
1313
1266
1312
1265
1137
1143
960
904
854
1123
1279
1381
1350
1427
1465
1205
1285
1319
1260
1453
1484
1499
1327
1241
1289
1194
1118
1292
1335
1301
1441
1567
1406
1392
1468
1454
1401
1266
1312
1303
1253
1235
1207
1160
1080
1100
1170
1354
1223
1310
1305
1379
1352
1205
1181
1091
960
978
1005
937
760
882
939
1024
1059
1134
1087
1291
1372
1714
1677
1685
1776
1816
1712
1632
1681
1551
1474
1582
1410
1349
1007
992
892
758
728
844
826
716
840
1159
1106
1149
1170
1162
